(3,[0,1,2],[-13.788885380515573,-29.99325242537201,-3.4575301175898936])
(3,[0,1,2],[13.587260917029981,16.201486331947507,16.24526837600486])
(3,[0,1,2],[9.666381121476633,-6.629989998256217,6.15833091749672])
(3,[0,1,2],[4.69754195901994,2.1245978445040876,-0.3128029628901757])
(3,[0,1,2],[-3.4306422487154133,-11.888916134761454,-6.9855913919001065])
(3,[0,1,2],[-2.781829566113679,-9.657064385496783,-8.646700677141373])
(3,[0,1,2],[9.76481929355895,21.372748007688536,23.676181801771385])
(3,[0,1,2],[18.364316680711426,-4.1504940621355875,14.570435167798466])
(3,[0,1,2],[9.95975863354257,-7.188579998577637,0.1344728987044822])
(3,[0,1,2],[18.926050298622492,1.0126683619955301,11.078232862534275])
(3,[0,1,2],[24.277653529401594,46.11018493580689,25.93602093767384])
(3,[0,1,2],[9.612811060749358,-11.49953723175077,-20.356596753131342])
(3,[0,1,2],[-9.720753588969856,-24.52182158245726,-2.4597615424860577])
(3,[0,1,2],[-3.0574038597119206,-39.17289519864965,-7.725932319453467])
(3,[0,1,2],[8.07589789234075,-3.510151736707925,1.9765264284219795])
(3,[0,1,2],[23.424235041815162,-1.6897907422164327,1.0642771027970035])
(3,[0,1,2],[-3.0281116060492206,-6.753816300594804,7.104826671476177])
(3,[0,1,2],[-1.6826183394130503,-24.39882957829775,-14.671880227414064])
(3,[0,1,2],[7.805982137589667,-16.696577125135803,-12.355244782510763])
(3,[0,1,2],[5.797196846119471,-7.4369933452783785,-14.389621295540774])
(3,[0,1,2],[-4.139307078085691,-22.373362662417406,-10.448704754304456])
(3,[0,1,2],[7.9308906068574085,0.1769118482628756,1.2599662551198736])
(3,[0,1,2],[5.2116201648848515,-16.784445573165517,-0.18644919755856393])
(3,[0,1,2],[5.074423048006374,-22.648382786702243,-10.29457700109973])
(3,[0,1,2],[-2.3131906193851046,-20.113018114430876,-14.749907741875267])
(3,[0,1,2],[9.939999797762967,-30.63024785521804,-28.49696058179726])
(3,[0,1,2],[-4.818653251822018,-11.058071193853689,-4.458941525440186])
(3,[0,1,2],[12.079161750308565,-4.937243610831437,1.0061460835968281])
(3,[0,1,2],[14.046324347093776,-15.316598538904026,-5.5612454215839895])
(3,[0,1,2],[1.1282752836816377,-19.3366538292639,5.228282659290243])
(3,[0,1,2],[-6.032832439932777,-21.217991181812927,-11.479099200925532])
(3,[0,1,2],[4.592901502065184,-15.774203586703491,-5.351743253786557])
(3,[0,1,2],[8.165601385848577,-10.553509512536856,1.022456595317999])
(3,[0,1,2],[2.956859618336839,-17.91506898612585,1.3298971095924699])
(3,[0,1,2],[-7.941930114774406,-24.066662866706825,0.334556495322063])
(3,[0,1,2],[15.589793152125482,19.29500106377019,12.320688229394584])
(3,[0,1,2],[-5.6703731296304305,-12.443392204928802,-1.803184100902412])
(3,[0,1,2],[17.57147223189511,28.412552451154117,13.351103700273109])
(3,[0,1,2],[-1.630372954597434,-23.007614066887097,0.25653714554419493])
(3,[0,1,2],[-3.848626638843797,-16.78855175226187,-1.8732865076608554])
(3,[0,1,2],[9.693573479196695,16.246276340192313,9.09921679433774])
(3,[0,1,2],[19.1235779949352,-1.275781399417352,1.441188829189442])
(3,[0,1,2],[6.506477593063291,-34.25446517132436,-18.568932589366174])
(3,[0,1,2],[11.22665544185998,-16.54521366454222,6.988907975685903])
(3,[0,1,2],[-0.3548868760607039,-20.670552387863747,-14.898297615551808])
(3,[0,1,2],[-4.069104827127619,-35.81786335757208,-8.113205481588642])
(3,[0,1,2],[1.2260932095924468,-26.97981840537258,-6.602991257059778])
(3,[0,1,2],[6.162703914073381,-27.67613495151543,-3.5577835662616395])
(3,[0,1,2],[-0.16996488328751982,-28.704642784768843,-7.09393139275466])
(3,[0,1,2],[9.677788760673788,-8.897725745515665,0.5093725907709388])
(3,[0,1,2],[-1.855673165264442,-20.743131366209848,-7.667267701753113])
(3,[0,1,2],[5.312500703613692,-5.661755333624185,10.631216986009859])
(3,[0,1,2],[-0.15823318692878918,-10.288361603124065,-12.759948245352769])
(3,[0,1,2],[3.2945533992614333,-3.2600600729700036,0.3447728016848881])
(3,[0,1,2],[12.880419885940938,14.776140326241093,8.053546209799578])
(3,[0,1,2],[25.102840088389875,-1.6063231898251287,14.98022573653667])
(3,[0,1,2],[2.6613888088875464,-28.901733831429798,-14.603614254972689])
(3,[0,1,2],[15.43296905501274,1.404624256670423,7.524961495955466])
(3,[0,1,2],[-2.5531377940403606,-22.15545331091588,-12.380196252383254])
(3,[0,1,2],[2.508961811047824,-10.643985628258596,-6.840056833761391])
(3,[0,1,2],[-9.370048724013683,-20.21059236858472,6.917078821945015])
(3,[0,1,2],[12.77501394255353,10.407895432990287,14.689605554446672])
(3,[0,1,2],[4.204289893203463,-3.1668856427962946,-3.3913937794438302])
(3,[0,1,2],[-3.3093792433563296,-26.229930019020767,-23.583350899121815])
(3,[0,1,2],[10.720213617578553,5.845746008942511,17.58431307632589])
(3,[0,1,2],[10.456374224716292,1.213612725924568,11.310916624939818])
(3,[0,1,2],[5.914642144900579,-2.1508742768573796,5.926065573820097])
(3,[0,1,2],[-2.3593575225965178,-39.287290978140064,-19.70718832601518])
(3,[0,1,2],[0.16278301203436718,-16.557713797525064,-15.451814082156107])
(3,[0,1,2],[2.387656049161059,-28.048617495710854,-16.44551664859638])
(3,[0,1,2],[-3.9440777636185205,-34.06994565737719,-22.08498097215598])
(3,[0,1,2],[0.07932717415774815,-57.29281823449944,-15.654872460567272])
(3,[0,1,2],[11.842549026418242,-10.88296680677401,-2.5788751421245264])
(3,[0,1,2],[2.250521948025148,-17.04065557728881,8.472837431152767])
(3,[0,1,2],[13.545157029523049,-0.026952173713967756,0.1477110208126513])
(3,[0,1,2],[4.474661543214205,-20.277530611277676,4.2484079689454965])
(3,[0,1,2],[-14.84339651739493,-23.215705558343455,-3.2615970190100745])
(3,[0,1,2],[-2.1564757900502025,-3.81467360908588,-15.962041318491053])
(3,[0,1,2],[8.572541558728853,-12.083477031428778,-8.652530747629644])
(3,[0,1,2],[5.838713384270261,-6.428525301930026,10.320048978757768])
(3,[0,1,2],[-2.0134910986736507,-30.973519866502407,-11.225001866764515])
(3,[0,1,2],[-10.280667768361253,-14.786591839629834,0.7663374539543595])
(3,[0,1,2],[-3.627532876405327,-13.653606094837878,-4.046759662105882])
(3,[0,1,2],[-2.446622862098231,-34.59275137626757,-24.13005062780177])
(3,[0,1,2],[12.061316217105015,-13.09494667904191,-18.42536640231566])
(3,[0,1,2],[5.557352019139684,-10.292050736322363,1.4336299440917788])
(3,[0,1,2],[8.653198455819675,-30.356074904145316,-21.59399666760806])
(3,[0,1,2],[-2.5112414450503957,-13.280596741337426,-11.677087723409796])
(3,[0,1,2],[-0.19984889354889968,-23.210332536760166,-16.301802357003115])
(3,[0,1,2],[4.410778366460568,-8.441158585475117,-11.094430485328648])
(3,[0,1,2],[9.728168539060654,8.199136451914056,7.945051464586581])
(3,[0,1,2],[-11.880784780593721,-9.853598587090758,-2.7108450644136473])
(3,[0,1,2],[-17.816662478938884,-38.072253389546624,-33.767481649885156])
(3,[0,1,2],[17.62773803603415,8.164759313615136,10.200861803548339])
(3,[0,1,2],[-10.941525405780578,-36.60290338873027,-30.18176474411431])
(3,[0,1,2],[19.202020315495577,19.86017661103476,22.058619643671108])
(3,[0,1,2],[-5.878444364773323,-7.050772806219839,-14.746090332838232])
(3,[0,1,2],[13.082322258832187,12.625836513158074,1.6175569957929543])
(3,[0,1,2],[4.911990083898213,-16.53150664236694,-15.947105295634834])
(3,[0,1,2],[9.264817360805507,-10.254116922363835,2.3002237799223773])
(3,[0,1,2],[-2.9328782611241113,-30.296163243585212,-9.26977943576638])
(3,[0,1,2],[10.058053634209644,-11.155593926747704,-5.301795367086607])
(3,[0,1,2],[-0.04869372380884274,-27.823105372575426,-22.84882788615131])
(3,[0,1,2],[2.0939317109797573,-7.253424058897864,-2.285623061899509])
(3,[0,1,2],[-5.391365396325301,-28.148986842652707,-6.341073709063792])
(3,[0,1,2],[3.2081938140547885,-38.200854705535505,-28.137760890690434])
(3,[0,1,2],[17.694710782519802,1.2591088864962303,-1.7433062247220437])
(3,[0,1,2],[-4.538500538118614,-23.86841252604552,-13.859682435835003])
(3,[0,1,2],[-7.636929254785763,-23.98804194349514,-6.613195413058654])
(3,[0,1,2],[6.210232525078753,-13.982630018339217,6.666084364607341])
(3,[0,1,2],[-1.067209131442851,-18.825067162933564,-6.615523982850801])
(3,[0,1,2],[0.8712138259712595,-13.52151867510037,2.96565000895419])
(3,[0,1,2],[12.6644436525948,5.635936419592192,8.751453706002415])
(3,[0,1,2],[6.865149506953198,-18.552963940059314,-2.746750887613167])
(3,[0,1,2],[7.1669861486773945,-7.0703631567338325,-18.44688181741583])
(3,[0,1,2],[-12.14140809886917,-18.440193889107515,-1.2656224836420988])
(3,[0,1,2],[-8.867470745511234,-22.573635826826354,-17.997638977279184])
(3,[0,1,2],[-9.216819614819881,-23.27721469486221,-5.347976110745102])
(3,[0,1,2],[4.49840932589987,0.45745596853440995,7.5675323756344195])
(3,[0,1,2],[17.549206160507712,38.45348267760746,19.298015582898095])
(3,[0,1,2],[4.058383076824509,4.627204191866239,-0.321957724466428])
(3,[0,1,2],[-0.3554014146225931,-23.13058381261547,-18.840510335567085])
(3,[0,1,2],[4.971026236498034,-21.208782330259723,1.198477052615274])
(3,[0,1,2],[9.391479265561747,-21.555126504947378,2.762496010444408])
(3,[0,1,2],[8.044134071565432,-15.055638304181223,-8.051070454178106])
(3,[0,1,2],[-6.4508924869461195,-13.358649219474588,0.2622645266348793])
(3,[0,1,2],[12.251475520844318,1.2561720634605578,-1.6275273328620727])
(3,[0,1,2],[5.165758795420231,-28.738999254182495,-18.547771089056344])
(3,[0,1,2],[-11.702356251609649,-29.193081959391968,-8.843157853328758])
(3,[0,1,2],[-8.214405484106676,-24.94587931883757,5.63564505281447])
(3,[0,1,2],[-5.641137221421456,-23.776244284552458,3.2171862909329763])
(3,[0,1,2],[-3.7347274278313978,-4.437741641200388,5.836289507298997])
(3,[0,1,2],[16.439308841162994,26.860827474033872,16.625526817721834])
(3,[0,1,2],[-3.4617952961936065,-33.18530630587175,-0.17991169045122613])
(3,[0,1,2],[6.922836875170879,-1.848767812963725,3.3042563197587467])
(3,[0,1,2],[-5.645452634598069,-33.70642531010793,-10.902845312385374])
(3,[0,1,2],[2.5830951519743404,-16.130099273499347,-13.930154515906912])
(3,[0,1,2],[-18.09144620651507,-33.150007950521456,-34.19030720672654])
(3,[0,1,2],[-1.5465009258893399,-40.06463012206551,-25.27975214894996])
(3,[0,1,2],[-4.687029350592975,-19.38936758825312,-1.1525215338564982])
(3,[0,1,2],[-4.117510427620606,-25.566313597112742,-17.121269152687905])
(3,[0,1,2],[-7.153820009413259,-18.082890663631993,0.4938556990620887])
(3,[0,1,2],[16.725620906423767,19.495369955972382,25.02073910427238])
(3,[0,1,2],[9.919747449516167,1.2319440459930269,0.51748821041474])
(3,[0,1,2],[2.5054586237410037,-9.325226502273832,-0.6648760354019178])
(3,[0,1,2],[2.4412963211219743,2.0553063879818616,9.686468250518878])
(3,[0,1,2],[16.948600571122437,2.188935869096927,7.02468012389916])
(3,[0,1,2],[18.746901954942228,-5.553786242677932,4.6151853503591145])
(3,[0,1,2],[3.3010490448262555,5.784103118322307,4.537723905869976])
(3,[0,1,2],[8.566643781378584,-24.079994126659532,-7.532387461567147])
(3,[0,1,2],[3.109235878438305,-12.654163759973816,-19.0319146420797])
(3,[0,1,2],[-3.753079001975401,-25.10907310233686,-11.642412847530471])
(3,[0,1,2],[-11.108409086976112,-22.196233070676882,-5.6521223816890025])
(3,[0,1,2],[3.185863959611863,-15.069818658275375,-1.6481886809922117])
(3,[0,1,2],[10.285590628404124,15.92959781236099,8.025294394173475])
(3,[0,1,2],[13.1342073478355,12.457986123861772,6.776521876914255])
(3,[0,1,2],[13.846526888255351,-8.77489478701197,4.2048374324915345])
(3,[0,1,2],[14.030830669474286,22.40690153665006,25.32968288508581])
(3,[0,1,2],[3.0321252664470473,-38.25657268925086,-21.410173251536328])
(3,[0,1,2],[9.545622830788677,4.74212606401182,7.167263117825764])
(3,[0,1,2],[-9.591123052991511,-32.93637906480874,-11.89529840539416])
(3,[0,1,2],[10.186500921435584,14.724726147327852,17.2709343781649])
(3,[0,1,2],[-2.660841344158509,-28.17279854023287,-10.699372110277942])
(3,[0,1,2],[-4.801782493248479,-36.61056469412412,-4.643123333277592])
(3,[0,1,2],[16.11452374858108,-8.340750081857097,8.59472043268526])
(3,[0,1,2],[17.49509313685498,23.99969201757342,18.107427902555493])
(3,[0,1,2],[-1.3089235711578986,-26.93475870042146,-6.37459864798395])
(3,[0,1,2],[-3.006409784203937,-28.64134135330265,-10.147712575939266])
(3,[0,1,2],[5.486467451851956,5.138262131742061,-3.814059198330301])
(3,[0,1,2],[-7.668690341589201,-17.59241729787712,-18.23543008753618])
(3,[0,1,2],[14.948700480639872,10.036436136367612,9.417382015520687])
(3,[0,1,2],[-1.080683357185856,-34.66078622552958,-8.425351642349598])
(3,[0,1,2],[6.674645852514153,-4.193123261760616,11.212920049715965])
(3,[0,1,2],[10.336081606832577,-22.12501077268405,-8.79778686129226])
(3,[0,1,2],[-3.6410830223181962,-28.331783949048365,-8.82373214678443])
(3,[0,1,2],[-7.0756900774315215,-3.834321119077757,-2.9477488525053896])
(3,[0,1,2],[3.9924121151625185,-20.04051555407382,-14.929315295665399])
(3,[0,1,2],[7.527086068597275,-17.736799744072666,8.10302023662089])
(3,[0,1,2],[19.722770639024585,2.620895065826691,9.91757747748964])
(3,[0,1,2],[-2.80051956247696,-38.39394161312738,-4.839335746628603])
(3,[0,1,2],[-1.4063700294738768,-27.29165145833771,-14.417197935017025])
(3,[0,1,2],[-2.8294970102004826,-55.72568498035291,-26.732888177175873])
(3,[0,1,2],[24.12456818717242,41.65029667040212,23.38571309004402])
(3,[0,1,2],[11.283120002228179,-6.723408204671221,1.9834849170649678])
(3,[0,1,2],[0.39465355334992497,-26.752339772582552,-13.470950296265276])
(3,[0,1,2],[10.301856900649518,-11.778917895790208,1.716203121401341])
(3,[0,1,2],[6.130425702236024,3.4560886976610874,10.477308785678943])
(3,[0,1,2],[-0.3873381554136907,-30.421813905107065,-9.050844675938798])
(3,[0,1,2],[-2.109330091955539,-4.435366126311234,-3.363844036128606])
(3,[0,1,2],[-2.8014762652223437,-35.46014282079602,-16.126617324802073])
(3,[0,1,2],[8.385602370048696,3.044785204063171,17.107225845834044])
(3,[0,1,2],[5.925271888479152,1.02253251408886,1.1390662062792227])
(3,[0,1,2],[6.038895890736285,-19.339388833587996,-24.302231421405498])
(3,[0,1,2],[-6.155120566413654,0.9752811172643825,5.24162902031245])
(3,[0,1,2],[5.074958586886776,9.841103330588226,0.35109553990440956])
(3,[0,1,2],[-12.681696885994782,-40.69338265009641,-22.22875907801745])
(3,[0,1,2],[-3.995011979833401,-1.1911667385207874,4.370549756190157])
(3,[0,1,2],[9.282185578704569,-10.61496511113833,-4.498184456669092])
(3,[0,1,2],[7.985907266722408,-11.875021858713,0.2020032653729147])
(3,[0,1,2],[-3.7829707894806712,-25.539774445115782,-25.189324107082772])
(3,[0,1,2],[13.944135982207433,-8.42811299197843,-11.705985327482743])
(3,[0,1,2],[-10.280383113165051,-26.391124957251005,-18.53202533477692])
(3,[0,1,2],[9.18343905956581,-16.84509365998087,-0.15426351041424313])
(3,[0,1,2],[0.1679693062802834,-51.33333676482125,-34.512321114769605])
(3,[0,1,2],[-9.59541772283177,-45.666146972549306,-15.744983491679815])
(3,[0,1,2],[-1.2411481377209523,-10.488070462204686,-9.456567532460673])
(3,[0,1,2],[-0.20616383580795689,-19.29576671434429,-1.446501175120051])
(3,[0,1,2],[2.0898732888633917,-29.376906893214386,-12.49199624650042])
(3,[0,1,2],[-2.215276059433031,-0.9583227170771652,-2.664047305969268])
(3,[0,1,2],[9.552837298690717,-11.389500257258002,2.726563598480312])
(3,[0,1,2],[-3.267844236202679,-25.16150017584948,-12.165131916941235])
(3,[0,1,2],[6.288015192002078,-8.97551426676103,5.8218310911693685])
(3,[0,1,2],[1.3766321537054356,-26.061177331389125,-4.519839056705597])
(3,[0,1,2],[-6.019744839613097,-30.24683868301332,-32.56979128934365])
(3,[0,1,2],[6.66429421207496,8.536271059536661,-6.313917496612617])
(3,[0,1,2],[16.282013378795824,0.8938815526487125,6.580200674508509])
(3,[0,1,2],[13.03583397214803,13.143641190701016,9.212421427305248])
(3,[0,1,2],[10.395426787208763,6.153713693027361,7.2968159955913805])
(3,[0,1,2],[-6.943119165654001,-30.469525632749836,-11.126889048364356])
(3,[0,1,2],[0.17735158119611513,-12.01606613332449,3.231484122004369])
(3,[0,1,2],[22.594764453680266,25.854839639305006,22.966692881510305])
(3,[0,1,2],[-2.5290230190910696,-23.881012050344978,-1.6360567942387558])
(3,[0,1,2],[25.789378362051604,26.90636408421215,11.88923751279041])
(3,[0,1,2],[8.379399391991388,10.234852282967376,1.6799387163373498])
(3,[0,1,2],[13.419117335622625,-2.6371856817818404,-2.25384528639977])
(3,[0,1,2],[-1.234559898537134,-33.725116087464954,-7.754943772739427])
(3,[0,1,2],[5.196842201410161,-5.6131311807986295,-5.657462185775737])
(3,[0,1,2],[7.665184386157978,-2.763480085572948,-4.756947374371418])
(3,[0,1,2],[-2.4183786490440564,-35.60666305526906,-19.035960919344173])
(3,[0,1,2],[19.056737360211923,-3.6352776472800574,18.765807686195235])
(3,[0,1,2],[-5.501367914876154,-8.483886180366536,-1.5779488543103088])
(3,[0,1,2],[4.261271983075327,-7.792905583314498,14.782454168389265])
(3,[0,1,2],[11.118552673529553,-4.084562971717866,6.230909602007033])
(3,[0,1,2],[5.240648559571287,20.387960906351225,21.980772337914544])
(3,[0,1,2],[-4.3568594981845195,-31.58034126266023,-14.508293830314038])
(3,[0,1,2],[4.883388110329073,-32.206007261288754,-5.936615642975259])
(3,[0,1,2],[-2.5087127510688934,-31.932921418887315,-12.882002013159735])
(3,[0,1,2],[1.7880951079833773,-4.015967163486565,6.468676209254722])
(3,[0,1,2],[-9.101948847801578,-31.359895917140186,-21.821627227860205])
(3,[0,1,2],[0.5563731874647146,-23.305891656322153,-13.86342844159979])
(3,[0,1,2],[-3.4390218864801607,-33.480714013161474,1.467344267791996])
(3,[0,1,2],[10.371895736597331,-14.448377805627189,3.193093950895322])
(3,[0,1,2],[11.705047963071618,5.031947109788107,9.468142459213698])
(3,[0,1,2],[9.455333313367019,-26.789103027923996,-2.4327503687171226])
(3,[0,1,2],[-9.491154382595077,-12.429882812160356,-16.205226693569504])
(3,[0,1,2],[16.497932100715918,14.29050622210721,-2.13082167270746])
(3,[0,1,2],[1.4040956082150602,-5.9443995970402,7.400481454690878])
(3,[0,1,2],[1.292179239012135,-9.049576350167907,5.814623170762934])
(3,[0,1,2],[-0.760449956545596,-15.12355844907223,-4.727633921998539])
(3,[0,1,2],[-14.658795608181112,-19.982382520695168,-1.1373799877800472])
(3,[0,1,2],[3.417965501055328,-23.373299737420602,-18.569020251041636])
(3,[0,1,2],[8.149319046446331,-9.78559233773136,0.41861084338980425])
(3,[0,1,2],[15.161700895870524,-5.902032435722225,0.3792178334189502])
(3,[0,1,2],[-2.604901509077828,-26.107926029292322,-9.27270640793129])
(3,[0,1,2],[-13.243745480149984,-32.9043528698349,-9.469825526433173])
(3,[0,1,2],[24.839588433163197,27.334789515130872,21.786998716351256])
(3,[0,1,2],[-6.761499394890227,-56.561860577158896,-21.319444360733616])
(3,[0,1,2],[2.1327592547343146,-18.299169722797437,-2.651998625639104])
(3,[0,1,2],[5.221342269716608,6.759429827160486,2.724359459231497])
(3,[0,1,2],[14.96106904715121,-13.057758380721713,-13.890501515089904])
(3,[0,1,2],[11.75995086180443,3.837357732706113,19.457747542544176])
(3,[0,1,2],[14.690214175295575,-16.038967409243945,-3.630437312718401])
(3,[0,1,2],[1.440828134645308,-9.179915473814805,-1.5583006088279907])
(3,[0,1,2],[10.041534515921164,31.978288174830602,16.538170923162856])
(3,[0,1,2],[2.4330295682662637,-32.551400791202525,-21.490397657026715])
(3,[0,1,2],[-5.42785059973222,-7.1845110007213275,11.144761047553626])
(3,[0,1,2],[-11.001990852575002,-32.61936209370838,-6.909003320529688])
(3,[0,1,2],[1.4459962001384468,-18.66422641167468,-14.759151336998587])
(3,[0,1,2],[17.872482504831705,6.350304829785461,4.5254379364562745])
(3,[0,1,2],[5.582107872691738,-19.24229009155771,4.762901520501145])
(3,[0,1,2],[14.526484763566373,22.790429606091685,10.008551052575747])
(3,[0,1,2],[10.769277754697333,-12.213582019313105,-1.332541928672411])
(3,[0,1,2],[14.209440816270636,4.989918963241724,13.276561242360218])
(3,[0,1,2],[12.614358179236417,-1.8093972870317134,3.8768527142259877])
(3,[0,1,2],[18.62448712173157,5.191796241608338,24.82841226575654])
(3,[0,1,2],[-13.671728195245747,-28.02546688704376,3.2583483672323617])
(3,[0,1,2],[-3.895352082815666,-35.152820287313794,-28.81327986180591])
(3,[0,1,2],[10.938121210256787,-2.8726508428479054,2.5083940999380747])
(3,[0,1,2],[16.092685966857854,-3.4279942728096273,7.40441653536341])
(3,[0,1,2],[-1.3935943200398364,-38.110551714086,-19.988902419208312])
(3,[0,1,2],[4.481475834657676,-6.848027273759792,-6.8327419358576265])
(3,[0,1,2],[-4.994085391728984,-25.704499214159238,-20.453897282410157])
(3,[0,1,2],[5.565644853664251,-23.05150986878863,-10.302985987563035])
(3,[0,1,2],[18.045249486773894,21.590970436562472,12.459442139740919])
(3,[0,1,2],[-4.841774241795631,-23.963578653575148,-3.3206790640932895])
(3,[0,1,2],[3.5987209027215483,-27.704630047556734,-18.699540138843098])
(3,[0,1,2],[-15.52652686344791,-25.25572908388863,-6.0602140840255725])
(3,[0,1,2],[3.9571598764224922,-21.693758425279317,0.9832931082659566])
(3,[0,1,2],[-7.860187749451673,-22.101709481168612,-4.238023208714553])
(3,[0,1,2],[1.4750260965862387,-31.365344194591902,1.4758970155382256])
(3,[0,1,2],[-0.9182058049442017,-34.14754893468402,-8.357035381391862])
(3,[0,1,2],[-1.990720546030993,-41.24197338725403,-17.421592546411816])
(3,[0,1,2],[27.876666605391875,3.5680785610907257,12.114352936051432])
(3,[0,1,2],[4.98684758165214,-27.928757591699963,-16.35991437405593])
(3,[0,1,2],[4.5104868091365695,-37.11080734120843,2.821410011086269])
(3,[0,1,2],[-7.863194105012681,-35.08110935755037,-21.63928671126018])
(3,[0,1,2],[25.49735560052209,30.622260677243307,22.13368341380721])
(3,[0,1,2],[-6.586109835017878,-47.04187532552005,-19.90673110207047])
(3,[0,1,2],[-3.059660049614693,-16.727728111625158,-7.869735359257451])
(3,[0,1,2],[16.405606425911557,-14.021991479628474,1.0643399425501905])
(3,[0,1,2],[-17.61952255211893,-31.89066207986168,-25.67715870547046])
(3,[0,1,2],[9.346712984518938,-5.026651795072814,-5.180091072669464])
(3,[0,1,2],[-2.6155011281962715,-15.715344437010852,-6.313812461893068])
(3,[0,1,2],[17.366511691063284,35.1323783621222,24.0647004037516])
(3,[0,1,2],[-4.290377936041931,-23.34736972510486,-19.22043951064228])
(3,[0,1,2],[4.8714018036750115,-7.534191728083626,-2.634107083583532])
(3,[0,1,2],[18.50367941255882,-12.970355860092537,13.512463109836624])
(3,[0,1,2],[-5.989438955499794,-25.327987873097342,-4.975102086085022])
(3,[0,1,2],[-10.343766599630513,-20.019063429920067,-12.626587656735])
(3,[0,1,2],[-6.323486033849007,-47.921876360357096,-24.256708110966184])
(3,[0,1,2],[6.750415536110202,15.555297572551394,1.8809756517866094])
(3,[0,1,2],[22.725227582351838,5.9215041397359585,14.03230573662309])
(3,[0,1,2],[17.85270778465952,32.25280080014185,34.55190263279401])
(3,[0,1,2],[-3.0452714013851256,-44.840166953168385,-13.426466485160613])
(3,[0,1,2],[6.796200658637349,-25.68470774764527,-10.153996581724787])
(3,[0,1,2],[7.384309860696846,-11.874418141652525,8.36551149186742])
(3,[0,1,2],[-2.9513790991366835,-18.21540681268913,-6.5591567215187165])
(3,[0,1,2],[5.497469545869807,-28.772921805579557,-24.347756161900804])
(3,[0,1,2],[-2.3406176177994995,-27.210833100793767,-12.162876386516878])
(3,[0,1,2],[15.79267106766275,8.151337669640741,12.017481674179452])
(3,[0,1,2],[1.1267398699064304,-38.09298134702463,-17.599734638824703])
(3,[0,1,2],[-5.97841539949221,-38.42599874920178,-5.372451345958838])
(3,[0,1,2],[3.6461122626800595,-12.898506801794927,-16.332810971625825])
(3,[0,1,2],[-2.9630240825836642,-33.4177691271748,-16.83265354899956])
(3,[0,1,2],[-8.704223863998484,-19.198272381273448,-0.9346810950956712])
(3,[0,1,2],[3.585428432868016,-37.73010266976085,-10.880391785610236])
(3,[0,1,2],[16.76191233227054,-14.181703284858097,-3.6904718836470813])
(3,[0,1,2],[-7.736246342260458,-18.3390847345519,-4.145129860639443])
(3,[0,1,2],[2.5786025473277103,2.0562396444960735,-11.17126705621124])
(3,[0,1,2],[1.7107129625908193,-22.271712407998887,-14.167457422794724])
(3,[0,1,2],[13.02132237816844,5.438880994136931,19.299771588157395])
(3,[0,1,2],[-7.1467199718390395,-12.348573931264285,-11.935788924150211])
(3,[0,1,2],[12.107701710413924,-6.254664960262876,9.427723358924192])
(3,[0,1,2],[17.749385325963782,6.342719161021939,7.640629391545186])
(3,[0,1,2],[23.785139483817396,10.762415378879286,20.277099489537918])
(3,[0,1,2],[1.680721321059262,-6.85758838925956,-11.77207627280559])
(3,[0,1,2],[-11.723879198804271,-18.18772940030797,-8.354544805566363])
(3,[0,1,2],[14.134461919381549,-11.9044684787708,3.952102908976083])
(3,[0,1,2],[20.065357249294653,2.9974098986618305,12.735861140208229])
(3,[0,1,2],[26.031063799513426,53.98966158970995,33.87789589552598])
(3,[0,1,2],[14.738378270719114,-41.12139167929684,-20.721077810605067])
(3,[0,1,2],[-2.070625266471128,-30.82450716584545,-8.12539794316529])
(3,[0,1,2],[5.341511841323789,-15.243715525827573,0.5993402591998374])
(3,[0,1,2],[-10.055565475020838,-26.70397640567699,-28.630412730853923])
(3,[0,1,2],[24.916964783456006,20.16120841216672,28.070218526847835])
(3,[0,1,2],[-11.553557665720934,-45.57249889609521,-22.086195248434308])
(3,[0,1,2],[5.455617775027,-12.752008269050856,0.5531222896975173])
(3,[0,1,2],[16.903008141214467,-1.863961290405628,-6.89222859562801])
(3,[0,1,2],[-1.5827202030127048,-5.4077948192414915,-2.833747036095287])
(3,[0,1,2],[-3.8356407458582624,-31.789953457560205,-5.678186126917155])
(3,[0,1,2],[8.525446900737288,-10.213287693976289,-3.5530866918694968])
(3,[0,1,2],[-13.674862752764525,-35.28374412274544,-5.496846483357092])
(3,[0,1,2],[14.848862963222746,-5.457664639258961,11.112513948570246])
(3,[0,1,2],[7.202887385280297,-35.07227689784238,-19.58614053783141])
(3,[0,1,2],[3.629567336134213,-6.877154093684308,-1.579107787259379])
(3,[0,1,2],[14.811359381701093,0.7386513329342639,11.711668004557259])
(3,[0,1,2],[-4.782474245404824,-27.0440646177266,-18.523308230401465])
(3,[0,1,2],[5.155944480178299,-13.398588796743086,0.2841084248270953])
(3,[0,1,2],[10.164370355556496,7.841482272065431,14.907717215224789])
(3,[0,1,2],[15.384213626644923,6.704317053280682,5.797747888612554])
(3,[0,1,2],[13.708208811064312,-7.897460982708425,8.27106132850146])
(3,[0,1,2],[9.476445365510818,-16.99469383429064,-13.615483204006638])
(3,[0,1,2],[10.855927501854378,-6.592821732518868,8.216878549945012])
(3,[0,1,2],[1.9419774217281698,-32.466751490695195,-16.435246019192352])
(3,[0,1,2],[0.9022993011074357,-5.654203036473029,2.033116959886293])
(3,[0,1,2],[-11.615568934487248,-29.929326794498547,-11.389376299324304])
(3,[0,1,2],[20.208871647763516,-0.9064399710459289,4.650369889798797])
(3,[0,1,2],[24.47152143911933,16.588422621288185,28.038597720276606])
(3,[0,1,2],[-19.097317207437353,-24.684768143249983,-10.703785915159944])
(3,[0,1,2],[0.9899068110488193,-7.453345803576635,6.739365656472715])
(3,[0,1,2],[18.465321513249076,10.933591358244968,6.590409991547618])
(3,[0,1,2],[6.322124646326537,2.65020207232713,15.155201765658083])
(3,[0,1,2],[18.51981643683903,25.086271074873462,16.82001211140239])
(3,[0,1,2],[-9.220355585049306,-11.784444130121859,4.078147616099381])
(3,[0,1,2],[-6.861260977857281,-2.086224327816079,16.689313542272902])
(3,[0,1,2],[1.542795130825538,-16.790371398114708,-7.93335822435495])
(3,[0,1,2],[5.265063068974992,3.6481544649546884,7.58594669773712])
(3,[0,1,2],[1.3908432660961965,-1.6129079782836733,-8.154384971262964])
(3,[0,1,2],[15.960442718621138,-1.1985633058410285,2.2523507669873877])
(3,[0,1,2],[-3.1875209861868257,-30.170251448840276,-5.866273238714674])
(3,[0,1,2],[18.452788703670734,34.22081739121773,20.64228104398953])
(3,[0,1,2],[10.373264360137584,-0.05451015481419054,-6.606107154419443])
(3,[0,1,2],[9.874736764907142,-7.791043841498603,-5.396175396695527])
(3,[0,1,2],[-3.273963105348456,-24.771726886765805,-8.576516609312527])
(3,[0,1,2],[9.094578035549533,0.5952283190222984,-2.2564319854470405])
(3,[0,1,2],[-8.179689824605198,-56.254388483661195,-3.005149589902183])
(3,[0,1,2],[9.06804798514355,8.048985815917767,9.503753466181053])
(3,[0,1,2],[22.171198299143818,40.70834887522935,32.14735754300968])
(3,[0,1,2],[-1.693443714994986,-28.752495223654122,0.8822630716024702])
(3,[0,1,2],[-9.330135361126144,-28.36038396804135,-27.512369751592864])
(3,[0,1,2],[14.890064714611414,-13.92563531215646,-9.355777740605141])
(3,[0,1,2],[17.61093163038277,5.819611559245923,12.755454288272892])
(3,[0,1,2],[-6.7937021311546495,-29.804346689946865,-15.898018214753344])
(3,[0,1,2],[0.9000124413188051,-14.780635753433586,-0.11066959302172652])
(3,[0,1,2],[-2.001499056942147,-21.879243430486323,-1.9286152476317726])
(3,[0,1,2],[-2.5987229315293874,-37.77654291850518,-3.262568148245818])
(3,[0,1,2],[-11.793612791128409,-12.728196948818923,-6.919147870814725])
(3,[0,1,2],[10.6637034317726,-6.4106834584177745,8.182390313649131])
(3,[0,1,2],[-1.601923865231819,-32.78631000810037,-14.997073154014561])
(3,[0,1,2],[-8.584149288595148,-19.617441505615986,-2.293137441107689])
(3,[0,1,2],[18.02093576275853,33.41606425067306,14.167166561987322])
(3,[0,1,2],[-1.0698251775036054,-25.485274138592956,-7.548490022567282])
(3,[0,1,2],[11.549800211886879,-4.9187341169262115,7.728671319166434])
(3,[0,1,2],[2.5690578136916367,-16.336981155636607,0.27093074400422523])
(3,[0,1,2],[2.651009078010857,-19.719701726471737,-5.405227340816123])
(3,[0,1,2],[4.604679488207154,-1.9636345718780719,-0.8532470473362697])
(3,[0,1,2],[-15.454717758911572,-44.620768479564944,-14.218711848970024])
(3,[0,1,2],[0.13235635434059834,-16.970783662511657,-4.95252638469152])
(3,[0,1,2],[3.721618635848992,-29.82048104172327,-2.681037742729683])
(3,[0,1,2],[-2.2148835616195632,-6.63420083532926,3.170684564435022])
(3,[0,1,2],[-16.48170943768001,-24.716990836656105,-23.154548408652396])
(3,[0,1,2],[1.8803743093320737,-25.520505438264177,-10.726327412523114])
(3,[0,1,2],[37.156990202418584,57.7957535241798,36.90340116872721])
(3,[0,1,2],[-3.5350774565197067,-11.488668954425908,-1.2978188302929052])
(3,[0,1,2],[-20.494154103130764,-32.223667514084056,-25.956348441703316])
(3,[0,1,2],[2.9830675841215903,-22.25492220230983,-22.453069902804195])
(3,[0,1,2],[-7.636402304190088,-15.514469569745327,3.5238213350417666])
(3,[0,1,2],[3.247410554002773,-24.51144280571272,-16.349422811302862])
(3,[0,1,2],[10.800012486098979,-13.9287679552435,9.446753350372653])
(3,[0,1,2],[-5.414288557582077,-33.208853025781906,-4.831543355475362])
(3,[0,1,2],[13.0748169667399,-10.386095036593755,6.432613724021106])
(3,[0,1,2],[5.883209860643882,-23.58674171794664,2.5105078261027463])
(3,[0,1,2],[15.114846120601094,25.23072497539521,9.700456255326046])
(3,[0,1,2],[-4.388146273107176,-29.816737445304124,-25.901278701824264])
(3,[0,1,2],[21.834145133718962,31.265208912299162,16.72366543067312])
(3,[0,1,2],[-3.3029194279090217,-38.732120646701375,-11.387128517316048])
(3,[0,1,2],[27.764822460279685,58.60322839819225,33.208009762116625])
(3,[0,1,2],[12.39058207447133,4.802754286198519,-5.493182033188532])
(3,[0,1,2],[-2.313450109216043,-18.305511404355517,-10.696265076895443])
(3,[0,1,2],[19.67409919646291,10.181808924890603,16.213728921801003])
(3,[0,1,2],[-7.1791803670609715,-5.597468545835425,-12.76303609980179])
(3,[0,1,2],[3.7435634704734144,-27.18467190493557,-10.991471005543278])
(3,[0,1,2],[-1.5732824334174036,-18.34892267203705,-18.71726056494012])
(3,[0,1,2],[-12.644176211558797,-34.80954063822083,-18.710129245880474])
(3,[0,1,2],[-6.2222850410651285,-13.318701082307832,-21.04513722598682])
(3,[0,1,2],[13.362646503239196,-14.849334279253865,-5.8172867286053185])
(3,[0,1,2],[4.134500794412892,-7.611441725469748,2.6932161504657595])
(3,[0,1,2],[1.8459019460660464,-3.9238355982331505,-6.4268972322000035])
(3,[0,1,2],[-0.7942522908363768,-19.77878949061638,-6.498232567473266])
(3,[0,1,2],[-10.168007866024228,-50.51293580034246,-5.863306797481199])
(3,[0,1,2],[5.690821959820103,-14.425687073663035,-10.650692179762792])
(3,[0,1,2],[13.686672624297273,-7.3681992273110515,-0.3152269348423664])
(3,[0,1,2],[9.014483322653403,-31.673606998539675,-5.849767870557313])
(3,[0,1,2],[1.561158758258789,-33.21465313857997,-21.04903712385443])
(3,[0,1,2],[-8.914634307660437,-15.266077284752763,-12.38245588010581])
(3,[0,1,2],[12.184351357154592,-12.993366287820663,2.6673818868915244])
(3,[0,1,2],[-2.4657678865290182,-3.2253010981365473,-10.878499343721495])
(3,[0,1,2],[0.9964234371367204,-30.92862173400932,-10.190828166424595])
(3,[0,1,2],[4.9291582955214155,0.28797543859197144,-20.53238919182533])
(3,[0,1,2],[-3.7621470201944938,-45.990997240160844,-32.739415480988804])
(3,[0,1,2],[-10.39190425442249,-2.7636408371282686,-6.424720592070172])
(3,[0,1,2],[7.315312370700875,-15.335494774825001,-5.612886473282341])
(3,[0,1,2],[11.391541288204522,-7.040715005229431,0.9566001095963026])
(3,[0,1,2],[-6.407306275585297,-30.42385485459973,-12.597685214184018])
(3,[0,1,2],[20.113345211659073,28.833276012639026,14.85448567345399])
(3,[0,1,2],[5.765078169807467,-29.406519748647998,0.20036442113266295])
(3,[0,1,2],[12.555641110601561,-1.8168533104437246,6.425660227015891])
(3,[0,1,2],[0.09251253334822335,-28.40007226599656,-16.116297225958164])
(3,[0,1,2],[2.7182781789570862,-35.458853113876124,-15.81593722883781])
(3,[0,1,2],[8.934214356687383,-23.606293877860022,-18.17906263773626])
(3,[0,1,2],[2.435871503604692,-21.877409422310702,-11.09905672141677])
(3,[0,1,2],[20.503072033948733,35.77704964032767,26.235588286162425])
(3,[0,1,2],[9.759830253191458,-17.12356894249039,8.183802607656457])
(3,[0,1,2],[-14.65832856823148,-44.30646468907604,-27.921007828626088])
(3,[0,1,2],[4.656351612438034,-9.84601254252367,-2.659989795766324])
(3,[0,1,2],[24.756105347749017,19.411157942136256,21.04898550789921])
(3,[0,1,2],[-4.667746153716864,-25.654058997740595,-14.915668765516532])
(3,[0,1,2],[8.576959927830766,-21.42235569087794,-6.212521936153115])
(3,[0,1,2],[5.398046336240479,-20.283487606035198,-11.445895043640357])
(3,[0,1,2],[1.2424981941633755,-42.310325169265376,-13.09007832323605])
(3,[0,1,2],[-6.687353793088321,-36.21506834743989,-23.545736320178907])
(3,[0,1,2],[24.48850118228814,-14.58841497128518,13.313610741792463])
(3,[0,1,2],[12.159036697149523,2.4890078769143815,6.375751454834555])
(3,[0,1,2],[-2.21394417854791,-10.845360689877076,-0.7578323717041431])
(3,[0,1,2],[-6.222164946908161,-22.623209672049775,-5.618875823363705])
(3,[0,1,2],[14.803826681791678,6.849429438572714,2.7829103145072978])
(3,[0,1,2],[18.87720036433708,22.28670597637804,12.547402600169764])
(3,[0,1,2],[11.913640786914208,4.649512968542275,-0.6379299768730238])
(3,[0,1,2],[-0.27836853571565057,-21.92342678708373,-8.856918523651329])
(3,[0,1,2],[6.0679064304936015,-1.530751983774541,-3.9297804418325297])
(3,[0,1,2],[8.501161237783293,-0.3871264423259081,-6.312834382148812])
(3,[0,1,2],[14.768704866516435,6.908081000557738,11.501145607593774])
(3,[0,1,2],[5.793962385854968,-5.259650394353705,-10.144943344089189])
(3,[0,1,2],[-0.6201854975539995,-41.32272454983856,-24.565566934989768])
(3,[0,1,2],[-4.064226492087434,-9.967470738991324,-10.731881311423646])
(3,[0,1,2],[-8.212837946643809,-25.68529728201937,-24.960155778042278])
(3,[0,1,2],[8.148179950339312,-12.38929430751536,0.8990820402421017])
(3,[0,1,2],[10.814392665631196,13.786295095841636,18.9779613822079])
(3,[0,1,2],[16.57440335128756,12.620571952487193,16.785977519593054])
(3,[0,1,2],[-9.4122109753433,-21.388781666740925,-4.363636534235525])
(3,[0,1,2],[23.563172068386635,11.546475081531213,2.275483490071994])
(3,[0,1,2],[-0.9735412524417344,-36.195727903447484,-25.570738967384173])
(3,[0,1,2],[24.622290971370298,-1.9269841991068493,0.7169235436372512])
(3,[0,1,2],[-1.6812184250872972,2.50375913992247,-10.682949357523986])
(3,[0,1,2],[18.025740428214963,5.97805375312324,19.391776232855804])
(3,[0,1,2],[13.688447921556701,1.3048199361134263,6.672001022147501])
(3,[0,1,2],[-1.513469487492271,-23.7274709041345,-6.443613695732109])
(3,[0,1,2],[4.024659138187016,-32.12816722346022,-14.995122364042789])
(3,[0,1,2],[9.184042986696676,-13.965045499699473,-8.517712586682784])
(3,[0,1,2],[-17.64159423943832,-40.46397452060253,-16.88649299585602])
(3,[0,1,2],[-8.084254578150611,-19.117856937029465,1.3837233922678598])
(3,[0,1,2],[2.893049935343934,-37.522924439290954,-18.73602344645767])
(3,[0,1,2],[-5.364848249444866,-29.686912323986828,-7.85967376604915])
(3,[0,1,2],[12.377698690587277,8.627635323970617,1.4795911915946918])
(3,[0,1,2],[9.466545961109482,8.879256409412992,0.0630274480834343])
(3,[0,1,2],[-1.0944813359337746,-11.000144973142133,12.133471923871847])
(3,[0,1,2],[10.601699678075168,-1.402402797932427,13.886908227490897])
(3,[0,1,2],[13.037226103376224,18.53984445819432,27.89482723156859])
(3,[0,1,2],[-4.271112501291801,-27.52017480708673,-6.158585858497278])
(3,[0,1,2],[-10.36346014423887,-29.230718701315027,-11.243661020893182])
(3,[0,1,2],[9.044963565453275,-17.450814878301255,4.116556831527925])
(3,[0,1,2],[23.1036251469825,9.148909551198685,15.704486464506996])
(3,[0,1,2],[-6.687932736492439,-32.48130892343011,-5.272985621250704])
(3,[0,1,2],[-4.2441034849035715,-9.140201915410008,-9.029738345341423])
(3,[0,1,2],[8.866493790436888,-6.490959659161411,9.81331779438317])
(3,[0,1,2],[12.651764591677757,26.495856194513422,18.446131517732667])
(3,[0,1,2],[12.991222134554938,3.595470232986033,3.3813092786154333])
(3,[0,1,2],[3.8576836449043896,-6.29098932317938,3.93533344478187])
(3,[0,1,2],[-0.5875331924815612,-11.649512723399054,0.7424150612531362])
(3,[0,1,2],[8.975728873426434,-6.455547794730414,-0.18204804428348886])
(3,[0,1,2],[8.386773902958709,-38.76449153601588,-22.8193040445411])
(3,[0,1,2],[6.624578289061495,14.230051889327337,6.371639864448271])
(3,[0,1,2],[-0.22127403885751903,-14.901819767706007,-10.545958589002202])
(3,[0,1,2],[-5.199898530864423,-1.2735527730681633,-4.152605849591531])
(3,[0,1,2],[-8.0158545518885,-23.664076233323154,-0.3193660548797359])
(3,[0,1,2],[5.001870575421767,-15.291598199778614,0.1957047676661665])
(3,[0,1,2],[-9.916466563645432,-5.649470282221447,4.901734724858433])
(3,[0,1,2],[13.118912394803079,15.155222372365541,8.118420910405296])
(3,[0,1,2],[2.7488998341299182,-10.959383480915704,3.9919127712238196])
(3,[0,1,2],[23.22454607315135,-3.0362302653898436,9.314712335033448])
(3,[0,1,2],[18.815418021979013,4.240163013789618,15.510693680760847])
(3,[0,1,2],[6.285187385485707,15.07795063869014,22.101038012739377])
(3,[0,1,2],[15.714112097240285,39.86240644813546,34.83104849944411])
(3,[0,1,2],[21.376558131441538,-1.111044270508908,19.945450398196854])
(3,[0,1,2],[14.851147325462978,6.52042471778637,1.9459309795887982])
(3,[0,1,2],[4.071529487670968,-15.794519067340849,-10.265542323805782])
(3,[0,1,2],[-11.742642572018106,-35.94491267625914,-22.04529571546061])
(3,[0,1,2],[3.790702790910528,-24.518231138152213,-4.977768249461503])
(3,[0,1,2],[10.023427818512223,22.02100662292341,13.475230327802675])
(3,[0,1,2],[8.410933086248374,-13.331128693489525,-6.352260726458379])
(3,[0,1,2],[-15.352384964032318,-24.511014746729128,-3.3466394678730564])
(3,[0,1,2],[7.3390572550013236,-25.89617056368842,-22.945775271666598])
(3,[0,1,2],[-18.691075434665784,-42.15362761406741,-28.019220236774174])
(3,[0,1,2],[9.267959666461227,1.8152168018044899,8.497548596760266])
(3,[0,1,2],[-11.549932282014018,-13.688177891934975,-0.5457141499368925])
(3,[0,1,2],[5.185588935340801,-10.455008372447598,-7.691926550612664])
(3,[0,1,2],[8.509026810621837,-1.6289748054329207,4.21687712412747])
(3,[0,1,2],[-2.3968816319437654,-33.20779181226011,-17.615444055499037])
(3,[0,1,2],[-2.3327986823211275,-24.266900632947667,-3.768913400692119])
(3,[0,1,2],[3.2863453655667776,-8.739329326931848,-9.64347204944363])
(3,[0,1,2],[-12.454335293072674,-34.048415703558796,-6.204168680726129])
(3,[0,1,2],[9.286409469904545,0.7624800736160736,7.239748305479119])
(3,[0,1,2],[7.215939668271281,-33.00611745196336,-15.452586185901945])
(3,[0,1,2],[14.809043280246346,-0.26651831828717265,12.743605879906548])
(3,[0,1,2],[-0.5318550211159517,-20.923838450302686,-19.171350715569474])
(3,[0,1,2],[-2.069292342939257,-27.695990325702148,-5.790705518398897])
(3,[0,1,2],[10.210627488497659,3.4253450726201993,4.519890110746523])
(3,[0,1,2],[-11.457942443582732,-18.432205913904298,-17.686316729471027])
(3,[0,1,2],[-14.913834996991907,-21.231034635776545,0.4158959323783115])
(3,[0,1,2],[-1.069349809589899,-14.613262631092875,-22.865750456249494])
(3,[0,1,2],[-6.559030668599527,-17.443147180704205,-2.35219150566116])
(3,[0,1,2],[-15.003929517351606,-24.12641038697751,-1.2023268623438552])
(3,[0,1,2],[23.953694662497202,25.336140950484072,17.015567122767195])
(3,[0,1,2],[6.7916933875918435,-22.272350193235244,-0.4246324443270515])
(3,[0,1,2],[17.971210522888164,29.964769285960422,23.16025564812744])
(3,[0,1,2],[7.1990122844525475,0.7169906469344233,16.574130994871943])
(3,[0,1,2],[10.075578928309808,-6.586092067682173,0.26802889026668886])
(3,[0,1,2],[3.4401052910376713,-21.975789296278084,3.687297903418413])
(3,[0,1,2],[2.1703321259968105,-28.323464966087112,-19.762477800479843])
(3,[0,1,2],[-2.5831894750236644,-23.764218011943996,-14.017980673151783])
(3,[0,1,2],[6.816071974192337,4.669005796002944,-4.336990721219364])
(3,[0,1,2],[4.604911921755365,-8.48039978886443,-1.7018565932754357])
(3,[0,1,2],[-6.633956217312006,-1.4911940944869269,-10.657434896976445])
(3,[0,1,2],[-2.3677563112550892,-17.43154696078246,-7.465892020953506])
(3,[0,1,2],[-1.90474515144835,-30.12508357099875,-7.298194303994103])
(3,[0,1,2],[17.29982436308282,-6.5976838089461225,9.18884897185383])
(3,[0,1,2],[-11.578964418018078,-46.45128408621199,-29.707744253861065])
(3,[0,1,2],[-11.231549881693836,-36.02158312086564,-8.960976926799344])
(3,[0,1,2],[4.290567318462392,-13.084846071586187,-3.9797312253102763])
(3,[0,1,2],[-15.532746699777286,-27.7072559366031,-11.632748589882395])
(3,[0,1,2],[8.166869726312182,22.097221456576264,16.692787457714083])
(3,[0,1,2],[2.6406375079384032,-33.64793940371096,-10.644575028444212])
(3,[0,1,2],[3.5026431417281882,-19.396259402217215,-5.750922893533707])
(3,[0,1,2],[-1.4839905639675015,-26.094721850063245,-11.438365858134556])
(3,[0,1,2],[-0.9473205030118854,1.1926172501592025,0.024357534816557225])
(3,[0,1,2],[8.115754880641754,-16.776463219414765,-4.772674821230531])
(3,[0,1,2],[4.189411998684311,-17.20371883467246,-0.467331492935424])
(3,[0,1,2],[-7.821142619305629,-45.38043785625038,-23.857628464588082])
(3,[0,1,2],[-8.415938713858578,-21.342781457313766,-17.475947947503386])
(3,[0,1,2],[-11.651637955185945,-20.049001502209638,-3.8398999525011734])
(3,[0,1,2],[8.846433484986857,-9.70964532229759,11.862145331658457])
(3,[0,1,2],[-2.8610091756465525,-29.214504438052835,-14.590489977156835])
(3,[0,1,2],[7.671963449447605,-15.70051406166494,-9.410980309866101])
(3,[0,1,2],[1.2945082294140704,-40.673472512664155,-26.815609173348655])
(3,[0,1,2],[2.3403044701181774,-40.62637732290658,-16.443699848174383])
(3,[0,1,2],[5.6204518705768365,-24.896154967959973,-10.896500398044662])
(3,[0,1,2],[19.297047540834452,35.994929677779346,23.82522021781444])
(3,[0,1,2],[-1.2114482935152826,-49.09740233688874,-11.173913242155013])
(3,[0,1,2],[-5.258092258513739,-15.787970276549213,-11.292312491918757])
(3,[0,1,2],[12.914715872096759,19.598231244147133,16.251686430698655])
(3,[0,1,2],[-13.71822278658627,-35.60736866266537,-30.767187932084283])
(3,[0,1,2],[-1.1400757935154613,-35.499543031197554,-12.025101352460938])
(3,[0,1,2],[0.283555733010739,-27.52840065773843,-14.934426945777304])
(3,[0,1,2],[-1.6449027165791086,-20.8422328928079,-9.655053082380304])
(3,[0,1,2],[11.169254308824417,18.261701695745288,10.75362740032855])
(3,[0,1,2],[1.0575064832476981,-43.45963612413703,-29.29959492555378])
(3,[0,1,2],[-1.5545753302954013,-17.787478721394994,-1.8847771953005361])
(3,[0,1,2],[1.8127889285426895,-16.07283701966852,1.8784821462892352])
(3,[0,1,2],[-5.9162331743918255,-13.110303694780148,-2.1265788785187665])
(3,[0,1,2],[3.0736021736397543,-29.10509162547729,-5.294304676446197])
(3,[0,1,2],[16.373391371455394,10.712678180243921,-0.3260088570299373])
(3,[0,1,2],[-0.4738312310206806,-35.23458825770697,-16.706720460943078])
(3,[0,1,2],[-6.15030864498158,-31.775684623988614,-28.763681845736738])
(3,[0,1,2],[9.563796597904435,-20.716329673122374,-6.693769579575986])
(3,[0,1,2],[2.091490166007548,-5.578692800897281,-3.068568824245685])
(3,[0,1,2],[4.012441051017162,-4.774496352282132,3.639510879473066])
(3,[0,1,2],[-3.0692446633159713,-18.464610045952373,-8.998329180937663])
(3,[0,1,2],[11.843972876213083,-4.9186377158820145,-0.033187697597533816])
(3,[0,1,2],[1.6061448455024983,-19.467211831889948,5.375317477392939])
(3,[0,1,2],[8.011891721690597,-6.118082272303382,-9.26782233643063])
(3,[0,1,2],[9.47305183481683,-11.25378812749626,-2.8452046491010923])
(3,[0,1,2],[-0.07993167502448487,-18.079404306125856,-11.334908465733616])
(3,[0,1,2],[-17.627042673280023,-26.953613313818398,-13.999521152307342])
(3,[0,1,2],[13.465775532883226,34.788325047505715,19.415099594131576])
(3,[0,1,2],[8.728783573811508,5.306488935362822,5.021072414224952])
(3,[0,1,2],[7.722034794368313,-20.387037597812412,0.9054316613199056])
(3,[0,1,2],[5.066726357060818,-8.637198141944014,4.90419118885873])
(3,[0,1,2],[-4.163266206113574,-19.94911204921552,5.572345050270057])
(3,[0,1,2],[12.049453042691805,5.197886504400332,4.56204390229673])
(3,[0,1,2],[6.829705395933223,-35.891541830233706,-24.990146419406205])
(3,[0,1,2],[-0.7888197080259453,-23.17896430677601,-11.876600261173682])
(3,[0,1,2],[4.847439649664564,-5.447252039345228,7.448634231729759])
(3,[0,1,2],[14.341452418079916,1.5789507954590536,4.423960788689925])
(3,[0,1,2],[13.20149263829229,-13.54785837919428,-9.89052633606042])
(3,[0,1,2],[-13.651511482030815,-24.2072704905927,2.9625897340937115])
(3,[0,1,2],[6.669927292885923,7.7725320673676395,19.697779183685324])
(3,[0,1,2],[11.53599019956785,-0.4938345690215406,3.361805579575524])
(3,[0,1,2],[14.459751485455932,26.641246215114386,12.9749688097579])
(3,[0,1,2],[10.278174997449906,13.553590863064262,5.253546694969398])
(3,[0,1,2],[7.403927921926622,-11.200159758713308,-8.351266360469973])
(3,[0,1,2],[-6.7242772368330925,-30.469410753684908,-5.63348511815523])
(3,[0,1,2],[2.0446038376240763,-11.361785093588553,7.612637919209153])
(3,[0,1,2],[20.245869634316758,19.218162970526247,23.33292511289831])
(3,[0,1,2],[-1.3037886905079759,-21.46105606232891,-8.085961028143718])
(3,[0,1,2],[7.046907435183593,-4.591496722111321,13.325230758868123])
(3,[0,1,2],[21.803535868851174,3.7994550277738752,-1.2824869856698333])
(3,[0,1,2],[14.19835116092786,-6.0406441142867955,5.108540979384072])
(3,[0,1,2],[0.7894915970717898,-11.202204742013327,-6.81034822640336])
(3,[0,1,2],[-6.3063190329109,-31.417989819155775,-10.906024089448552])
(3,[0,1,2],[19.406397907433046,-5.88500119481671,2.3149036695372742])
(3,[0,1,2],[-5.859266774201876,-21.652513481278767,-13.193159582430305])
(3,[0,1,2],[-5.817771221138236,-24.448851630953502,-3.8513664197622295])
(3,[0,1,2],[23.87464386681005,31.420281999795055,21.885922409977958])
(3,[0,1,2],[17.68777695273645,20.456241024762917,14.91744817471489])
(3,[0,1,2],[6.332802880665601,-23.89446203819474,-16.719595861700608])
(3,[0,1,2],[-3.5499589323028107,-25.647143002382983,-4.154870864613897])
(3,[0,1,2],[-6.525920293906828,-30.357959726988344,-8.499707112949707])
(3,[0,1,2],[10.129662158833304,-12.821046394430168,1.311848690101122])
(3,[0,1,2],[16.513519722450063,9.487267885695726,1.5929968377248778])
(3,[0,1,2],[-0.8639042535555661,-18.16094674762267,-14.149863747631766])
(3,[0,1,2],[11.546892916350053,-10.588259662120047,-13.322238177326234])
(3,[0,1,2],[0.03594690837296527,-34.91999869474568,-22.40911021103797])
(3,[0,1,2],[-4.007199450999407,-25.9331428270763,-1.9774116224269789])
(3,[0,1,2],[8.02092719424878,-6.086758430480745,-7.089635789958239])
(3,[0,1,2],[7.14931178004789,18.352779226899475,16.54868866149784])
(3,[0,1,2],[-12.156802597992465,-29.607264802563652,6.731794169213675])
(3,[0,1,2],[-1.7677359525782792,-32.70596565910538,-5.266627895652454])
(3,[0,1,2],[3.2198454204095692,-8.7398167905563,-12.991060260983222])
(3,[0,1,2],[-2.982223743152877,-18.118736229010917,-19.708056371699307])
(3,[0,1,2],[11.054011706366897,-7.477229148119989,-8.88657470991425])
(3,[0,1,2],[1.9787496230903994,-29.04066298702616,-12.263636127634484])
(3,[0,1,2],[12.730026390396906,9.10941284965512,3.7871296525682188])
(3,[0,1,2],[-2.160246651549513,-18.954678545077677,-9.396441831419914])
(3,[0,1,2],[-2.254925470337457,-8.230692563029622,6.25977912683477])
(3,[0,1,2],[-8.289957134481396,-15.981110365074711,6.642605168805936])
(3,[0,1,2],[5.830202148811478,-9.578803242334693,-1.7043626452731817])
(3,[0,1,2],[-9.159154387862715,-20.51488646427737,1.769754048732025])
(3,[0,1,2],[20.089345979439177,13.318441710415307,18.38106521433431])
(3,[0,1,2],[11.232930511991775,0.24271061723434928,-13.579779692201573])
(3,[0,1,2],[16.022420303013913,9.769511011077435,12.14368402407874])
(3,[0,1,2],[18.16763147030922,35.73208411045401,20.029232066256583])
(3,[0,1,2],[1.9297748103100725,-25.91339135500707,-19.943583766933607])
(3,[0,1,2],[18.29303883039282,21.862737797209125,12.719677737777056])
(3,[0,1,2],[12.269448471456009,-4.7689078654049375,-9.624540115056782])
(3,[0,1,2],[1.2204801185731269,-12.050433559962475,2.545455327485815])
(3,[0,1,2],[16.01136544873716,0.16409012135079357,4.344942801700163])
(3,[0,1,2],[-6.934007812499671,-15.094731891933,6.308999733834521])
(3,[0,1,2],[13.17232467296722,-19.403507199831044,4.055183010813675])
(3,[0,1,2],[6.782571617340803,-4.34050597571046,-2.7476690510236548])
(3,[0,1,2],[5.366403497551674,-18.8813663643076,-1.6462737916565793])
(3,[0,1,2],[19.86019926504862,4.073529555875539,-2.7288730923034805])
(3,[0,1,2],[5.165137928866497,-4.6634593628991325,1.7563045312335444])
(3,[0,1,2],[7.691673753976085,-23.335761558210493,-8.51234063570574])
(3,[0,1,2],[3.3641702433503498,-12.208128106583706,-7.808962086946099])
(3,[0,1,2],[-12.413499999876972,-28.559209173542758,-2.3083985502239064])
(3,[0,1,2],[-2.545820114368962,-9.461825332524205,-4.908282916128635])
(3,[0,1,2],[5.390345086581929,24.099495662332696,25.855852148643848])
(3,[0,1,2],[3.9805278836345055,-28.42908242728573,-10.466719512212256])
(3,[0,1,2],[21.00467249916609,15.368061279161756,24.811928332029424])
(3,[0,1,2],[6.940430275270137,-18.571848584102323,-23.587295784219847])
(3,[0,1,2],[2.5994111499370467,-5.821255137628145,12.03724421729074])
(3,[0,1,2],[12.199154086714808,5.863197825451948,8.762422072344656])
(3,[0,1,2],[-8.746905435210943,-11.82773190485715,-3.323629405143846])
(3,[0,1,2],[16.242912659586118,-8.390398740551927,4.329240669947097])
(3,[0,1,2],[1.6583429571589687,-24.53529991185613,-14.257822172748696])
(3,[0,1,2],[16.73847513706728,-11.036220624867402,-11.295110484892259])
(3,[0,1,2],[-9.393383188004274,-10.552091566558108,-20.211670578162938])
(3,[0,1,2],[0.47235235824586974,-32.26822603898502,-7.462539514003078])
(3,[0,1,2],[8.853569866327625,14.466889234274129,5.4178823964708585])
(3,[0,1,2],[-7.2923211116216855,-28.297057534364733,-18.795589687051145])
(3,[0,1,2],[-10.860085302191422,-25.905014320642426,0.6324684323622762])
(3,[0,1,2],[0.15900168611579846,-6.988374212698177,-5.733525597413675])
(3,[0,1,2],[1.2063817013064686,-5.1002215339596635,-5.264215907675908])
(3,[0,1,2],[-11.913367640510176,-9.982698334399805,5.5073118416922595])
(3,[0,1,2],[1.1910153574848306,-13.944636790012822,-2.303852172563465])
(3,[0,1,2],[-3.3937386396849876,-32.57310016622489,-14.514604539679318])
(3,[0,1,2],[8.368217685221394,21.866315705288386,18.130896062795888])
(3,[0,1,2],[9.156463077330102,-23.366613093000634,-3.6144569191279325])
(3,[0,1,2],[6.750554896013857,-0.8717088639098314,5.471453222445271])
(3,[0,1,2],[9.390132620555098,8.680750614062154,5.009858058126571])
(3,[0,1,2],[-13.737270195106777,-20.709217626393436,-4.670116356216808])
(3,[0,1,2],[2.3714310131871827,-40.151963711331,-9.994745559235628])
(3,[0,1,2],[4.106356945060977,-4.413235167904777,-14.368576274999505])
(3,[0,1,2],[5.00026028839936,-15.84289435201549,-8.883487303613482])
(3,[0,1,2],[20.141430645511583,30.715932165764848,22.897467163476286])
(3,[0,1,2],[9.318616101487676,9.145687922339903,3.480205719113953])
(3,[0,1,2],[21.43505902319992,29.7779590632959,15.82978641830676])
(3,[0,1,2],[-2.4510562413110235,-15.620091550590843,1.2947874747810577])
(3,[0,1,2],[-13.27672763636614,-33.75411952849125,-5.9116480193869005])
(3,[0,1,2],[1.5801763832651536,-25.172290913465933,-4.639924483648825])
(3,[0,1,2],[3.5400058959838114,-33.65838394713514,-18.415400608644166])
(3,[0,1,2],[-6.558696430342196,-6.225489454378097,-16.250818313731088])
(3,[0,1,2],[16.201498792386896,-10.244161764050464,-8.577449785743552])
(3,[0,1,2],[1.2418359750226984,-22.305281588021305,-4.348342003383698])
(3,[0,1,2],[7.812951355922354,-9.91698678990581,9.694962269566986])
(3,[0,1,2],[2.259284021615683,-24.557404696822644,-14.636774421469582])
(3,[0,1,2],[-12.80038337720279,-20.289231351205924,-7.034679832557202])
(3,[0,1,2],[21.63069672799307,4.205548439218911,22.94544223462887])
(3,[0,1,2],[4.914345244138451,-20.030191048554457,-3.50214400012516])
(3,[0,1,2],[-0.9410674627239893,-17.425640950229464,-3.9333509460239777])
(3,[0,1,2],[19.246546177164394,14.730778438445359,19.771842059714793])
(3,[0,1,2],[2.5237614259944214,-24.912228679674858,-4.427826986747655])
(3,[0,1,2],[5.82108965486446,-18.618213205690825,-2.272341039990097])
(3,[0,1,2],[2.9503992098332628,-22.492396676147994,-7.845337572213941])
(3,[0,1,2],[-3.0267582248219655,-45.348746106620716,-28.467784556323227])
(3,[0,1,2],[13.763513026425962,-1.5069804073118518,19.410517556324663])
(3,[0,1,2],[17.38194935024862,9.386162679293086,20.27073849334174])
(3,[0,1,2],[-2.9493417614777737,-36.3518639324237,-21.939682010690056])
(3,[0,1,2],[1.4941816226352738,-34.175206034511994,-9.996241877779404])
(3,[0,1,2],[5.3565550980292285,-9.363702863008914,-9.702971649276336])
(3,[0,1,2],[2.535128713093036,-22.259526675702748,-1.1294649928830176])
(3,[0,1,2],[1.4040385845650996,-43.21426917508263,-12.874433509365433])
(3,[0,1,2],[12.5100521440738,24.828256304797275,17.209196565093798])
(3,[0,1,2],[-4.342093571038596,-27.02956025937079,-22.331431611841765])
(3,[0,1,2],[-1.538554204025678,-27.78335506175843,-19.39428145775851])
(3,[0,1,2],[2.266904564499181,-20.70049756690837,-4.586474747850407])
(3,[0,1,2],[14.895712004151703,7.037067530686497,9.641451066518513])
(3,[0,1,2],[15.464427595520736,17.925907448640306,15.880151696426342])
(3,[0,1,2],[-0.16099970846398404,-38.601066582361135,-30.60901398536329])
(3,[0,1,2],[7.895119669849572,4.442052738904,1.218333430039518])
(3,[0,1,2],[6.2443495801508355,-28.96924995064593,-10.600967394432976])
(3,[0,1,2],[-14.116926052586962,-24.092966433162506,-5.86826047169145])
(3,[0,1,2],[-5.646433875432145,-32.93092322672558,-16.04722932525007])
(3,[0,1,2],[-1.3506721768777086,-5.962854350461379,12.749835334574778])
(3,[0,1,2],[0.3871455291698622,-34.448988786901495,-26.645364694820195])
(3,[0,1,2],[3.151624220552872,-26.09241775185966,-14.60093300373826])
(3,[0,1,2],[2.2164866387798354,-19.312968764669417,-0.4979278111658756])
(3,[0,1,2],[13.85144591158073,14.357669893022576,-1.6484065303986986])
(3,[0,1,2],[1.9426238206144775,-14.009160643985842,-9.644239472968223])
(3,[0,1,2],[2.9658848579403396,-29.75912888876405,-5.488274340284468])
(3,[0,1,2],[5.1208749250855075,-38.25209122348135,-6.892079229465102])
(3,[0,1,2],[-0.8849333904244007,4.082032831206616,6.563179629941696])
(3,[0,1,2],[-8.085977426219765,-19.915202375674138,-6.511866418377167])
(3,[0,1,2],[23.582241837395436,55.30323249883146,41.48121634983965])
(3,[0,1,2],[-13.088635347116252,-26.196341962756698,3.7923852333616925])
(3,[0,1,2],[-6.418740235227358,-33.202619989905465,-21.885579938139767])
(3,[0,1,2],[14.349907870731876,3.8040637123324936,9.20275968516359])
(3,[0,1,2],[-0.3274504329772062,-4.963789025775799,16.97423096069749])
(3,[0,1,2],[-0.8221962092564485,-16.921612807843925,-16.499181647798032])
(3,[0,1,2],[1.3617979887668037,-31.297861771366083,-12.624800071407474])
(3,[0,1,2],[7.171670073886957,-12.575773846248069,1.4365797405995397])
(3,[0,1,2],[-12.784463465073188,-23.16890198405678,-10.598544934711189])
(3,[0,1,2],[2.630714846590898,-19.27568307465004,-16.019503393175142])
(3,[0,1,2],[14.586973011670004,12.322387615631117,9.414890373733439])
(3,[0,1,2],[7.339498374347974,-5.366422052388098,-11.69173851241002])
(3,[0,1,2],[16.625447311396606,13.47374156585297,5.548612608665577])
(3,[0,1,2],[2.5169502653672273,-29.828926661941782,-20.729395672385984])
(3,[0,1,2],[-6.831189270934362,-28.275690583315573,-18.108508776759116])
(3,[0,1,2],[14.162546238909293,-5.297413506933891,-0.4457249449001841])
(3,[0,1,2],[-4.011942259454015,4.674754390416136,14.026326408314283])
(3,[0,1,2],[6.09475916354134,-38.59584908708399,-13.704929121629858])
(3,[0,1,2],[2.620565240101444,-24.84636649985883,-3.7661332837593937])
(3,[0,1,2],[4.585155589177404,4.290604359537832,1.3656428374623468])
(3,[0,1,2],[1.9036446272780003,-10.64148544975897,-4.354890047926142])
(3,[0,1,2],[22.485751556641908,26.16275114916486,21.203293975883206])
(3,[0,1,2],[1.346627621447209,3.3966522026617865,19.77736717870249])
(3,[0,1,2],[-4.954779426499112,-38.11173161274353,-13.818667816756225])
(3,[0,1,2],[-9.314301621594756,-28.527326611609762,2.4556161539394408])
(3,[0,1,2],[0.23317072975072373,0.33645897947863906,-7.607077471258332])
(3,[0,1,2],[-18.18168651009606,-31.897023065247513,-28.884345474079385])
(3,[0,1,2],[7.456738916385252,-23.47970840256854,-7.036752210060454])
(3,[0,1,2],[-7.555601375796521,-28.419861984413966,-5.261238676894043])
(3,[0,1,2],[10.742620386032005,-2.588942787185667,4.794444693490716])
(3,[0,1,2],[17.355662959020496,39.410955746756734,16.512472912023462])
(3,[0,1,2],[21.467582493639917,7.573096518535117,10.91151230035879])
(3,[0,1,2],[6.114102663495065,-2.36369102463988,-14.147662093878036])
(3,[0,1,2],[-1.9235422084820961,-24.18745911701669,-16.121948662246744])
(3,[0,1,2],[9.426919585111534,3.605747720341471,8.274690380795949])
(3,[0,1,2],[-2.1539121383522284,-4.6459513347840025,-8.560286272640745])
(3,[0,1,2],[11.108342579534074,-8.292744098535554,10.213019136685867])
(3,[0,1,2],[4.229790810212521,9.64627650872608,2.251870006109805])
(3,[0,1,2],[22.08605312911498,36.81481701575339,25.583942256502674])
(3,[0,1,2],[-12.825544769216314,-28.302649616391555,-4.054369789128622])
(3,[0,1,2],[15.403163552843118,-2.4625975524587878,16.027568448020666])
(3,[0,1,2],[8.979457351603617,-18.39351647471326,-11.222365689509466])
(3,[0,1,2],[3.7537990529838265,-18.576470665641903,-12.735773418792164])
(3,[0,1,2],[2.1555071315343737,-17.636459357390464,-18.220595342830194])
(3,[0,1,2],[-7.983100987558374,-31.374834754146114,-12.468504858627428])
(3,[0,1,2],[-5.356801330156764,-4.3380667331053795,-6.146036594794381])
(3,[0,1,2],[-7.393555752442433,-29.150060317235873,-10.622695054960797])
(3,[0,1,2],[1.3839162175661601,-29.495462038215987,-24.786111579994355])
(3,[0,1,2],[2.2632689702986677,-19.726588551703372,-12.098868559124037])
(3,[0,1,2],[7.965376397240921,-1.2727365819434013,-1.3627309780564962])
(3,[0,1,2],[-4.051734277989656,-26.57903089633321,-10.128969597115152])
(3,[0,1,2],[13.868011000131803,-12.594174813784868,-3.7285720426934987])
(3,[0,1,2],[10.60986320866157,10.507145815755216,6.362770530752392])
(3,[0,1,2],[-3.790597069031972,-19.02651209827169,2.902992861230054])
(3,[0,1,2],[-5.237887978177546,-8.196600455757002,-0.6116564687843415])
(3,[0,1,2],[-3.338513708086509,-35.18424184457349,-8.341839707266503])
(3,[0,1,2],[-7.135845354162888,10.96272351683385,-8.447383509328045])
(3,[0,1,2],[15.736898921560954,8.457089790435846,1.3269470665024135])
(3,[0,1,2],[8.288050010254974,-30.307159293892315,-9.863514853812134])
(3,[0,1,2],[17.197182657524213,7.123623238096665,14.550404533073936])
(3,[0,1,2],[-0.29470519379271165,-10.521643550799114,-6.801650698105894])
(3,[0,1,2],[-7.334096894862608,-25.62678314698012,-0.6332143592804091])
(3,[0,1,2],[17.188031760488183,-8.614996496844334,9.943002814114596])
(3,[0,1,2],[2.3723656579649957,-7.81642416760022,1.4598430410821783])
(3,[0,1,2],[1.052513610465422,-9.07969885798179,0.03446533188527057])
(3,[0,1,2],[4.70223383829334,-14.641808460496092,-12.13174385897736])
(3,[0,1,2],[5.853249955710487,4.527160988884772,-3.0191944914242983])
(3,[0,1,2],[-9.875218912396283,-15.853478795245167,-6.65304053027843])
(3,[0,1,2],[-1.0674478380288774,-15.200501320166646,4.901798030537381])
(3,[0,1,2],[8.099615666956812,-8.951519524708123,10.77222389139259])
(3,[0,1,2],[-0.8601636037478848,-23.944870220057965,-3.3164156948450887])
(3,[0,1,2],[2.5211788269634194,-22.80828928627066,-12.126110413212462])
(3,[0,1,2],[8.088987210051066,-17.647234040790902,-3.148354893297323])
(3,[0,1,2],[-1.4908365363381038,-10.114789821144191,-14.465661665012759])
(3,[0,1,2],[1.8605572855000068,-5.5084821186559685,-3.7914037870487594])
(3,[0,1,2],[-8.843162136372129,-25.594055520010993,-10.93357936742699])
(3,[0,1,2],[0.6370284992891169,-19.987227952419666,-4.373155979437242])
(3,[0,1,2],[-4.361830624495507,-21.82900260128202,0.6281900351215355])
(3,[0,1,2],[5.817896903283005,-22.206907442047477,6.2876705885501725])
(3,[0,1,2],[7.679393861181962,23.848988808965913,13.302525487271028])
(3,[0,1,2],[11.226000774648789,-16.671410151719165,0.5955536102584698])
(3,[0,1,2],[8.412591478736061,-4.892736489727532,-0.8607380552865247])
(3,[0,1,2],[-5.6788891567467905,0.2765663121284785,1.7544254815205678])
(3,[0,1,2],[22.415567680335766,1.4846589008490458,6.189215411845579])
(3,[0,1,2],[13.612764187566077,3.113197381183337,3.4433210364623204])
(3,[0,1,2],[-6.935099073036154,-26.071549559738084,-6.241857166870839])
(3,[0,1,2],[-4.444818920877701,-33.22752695168118,-20.02962439908104])
(3,[0,1,2],[-1.3076972233565496,-15.680633647711131,-6.60087214669383])
(3,[0,1,2],[1.769932075132963,-32.62408421481363,-11.742963273525273])
(3,[0,1,2],[0.03559092343799172,-17.88343149565916,-14.361439969667464])
(3,[0,1,2],[20.376863687709754,43.37668839692134,17.944916596963637])
(3,[0,1,2],[17.151425782276853,-0.15131050023229858,3.397843928874905])
(3,[0,1,2],[7.721322989844073,-6.398874530903655,6.990516900579996])
(3,[0,1,2],[5.716864467009314,-12.237397420978352,-9.072019631543386])
(3,[0,1,2],[6.888646670840957,-31.759816043468174,-12.941352979909553])
(3,[0,1,2],[-5.132515519808784,-13.134705972838223,-9.363495605334485])
(3,[0,1,2],[26.44793919007302,45.50308228068429,38.20586473264293])
(3,[0,1,2],[8.309750197756381,-21.945980603469792,7.440834171427232])
(3,[0,1,2],[-1.000185590988877,-42.59457080874594,-27.271942219489585])
(3,[0,1,2],[-2.4722275242241283,-22.990377298214984,-16.36084123701884])
(3,[0,1,2],[-13.58217388720052,-30.99693613945327,2.5062641041009304])
(3,[0,1,2],[20.323873651248583,0.34168489190373746,12.097711566241486])
(3,[0,1,2],[-9.881477195912897,-39.082024894238195,-18.863492789237302])
(3,[0,1,2],[13.798285166784373,-5.283487763013689,9.714864194857173])
(3,[0,1,2],[-2.260129791603745,-32.20252799387776,-14.086957309744724])
(3,[0,1,2],[1.2733911795544308,-16.649444635904235,-21.58104675803195])
(3,[0,1,2],[-2.445061636242122,-14.886024553043857,4.7333563671999155])
(3,[0,1,2],[-1.5993405180632565,-19.484290424792487,7.573334046776696])
(3,[0,1,2],[5.987643897260914,-19.00409633432295,-5.861546000532399])
(3,[0,1,2],[19.30166823597213,8.159980272355547,5.0508984359973015])
(3,[0,1,2],[-9.592025742635688,-33.61576969364292,-10.238753616010392])
(3,[0,1,2],[11.422594527008663,3.628907172237591,-6.387362301385585])
(3,[0,1,2],[7.972322091153172,-20.300295885912103,-10.537596150740303])
(3,[0,1,2],[-6.973573320065696,-24.10937274019857,-8.140440154344432])
(3,[0,1,2],[3.8882388681974414,-27.514038625459644,0.8479621361262168])
(3,[0,1,2],[19.76684657821137,3.1687669009096546,18.817892369808153])
(3,[0,1,2],[16.618619455396516,10.713445251523272,9.701505971089514])
(3,[0,1,2],[6.489940220879671,6.804099996369264,1.927834979398167])
(3,[0,1,2],[-9.177689820133267,-32.01366526432418,-0.8425503129605847])
(3,[0,1,2],[18.596276333379986,16.425083741907653,17.575843463452664])
(3,[0,1,2],[-5.598883167799685,-24.240781065029203,1.0538162379403375])
(3,[0,1,2],[-1.6799979042435038,-23.70825300009406,-7.215320083325372])
(3,[0,1,2],[-8.908493898042035,-19.30094816897713,-16.227396887053168])
(3,[0,1,2],[28.808498884709447,6.9130497430361295,15.187666086565763])
(3,[0,1,2],[4.637831653350006,-10.326580615636873,-8.766774296172446])
(3,[0,1,2],[9.179254478651687,12.353446333897214,5.648993888097058])
(3,[0,1,2],[16.840448515497652,11.040902965594789,0.7256699185690375])
(3,[0,1,2],[-3.83996796534569,-38.07096667846592,-13.766140295440762])
(3,[0,1,2],[-3.9622789057253405,-52.10708094959655,-38.87812950135524])
(3,[0,1,2],[-5.382457243130562,-27.931001964503714,-33.559338520786575])
(3,[0,1,2],[9.162874626635762,-29.414749539454334,-14.468637524402101])
(3,[0,1,2],[-1.9287646160132454,-5.156211121913512,-4.640976043953682])
(3,[0,1,2],[12.037733573631005,-24.48286505727117,8.818378049643652])
(3,[0,1,2],[17.00360023560705,14.2913194142438,14.381976356010309])
(3,[0,1,2],[16.002939620676333,11.414111140904124,-1.195985549170269])
(3,[0,1,2],[2.550660111951776,-12.344533632221154,3.7228696296990007])
(3,[0,1,2],[10.79344875897857,-21.020796958386597,2.744828965653797])
(3,[0,1,2],[0.45366002756688895,-11.171203175027793,-7.649467749903301])
(3,[0,1,2],[15.485165963289564,24.98069513084633,9.449376945432698])
(3,[0,1,2],[-1.1486511626585478,17.73539757458291,-4.593772755303624])
(3,[0,1,2],[2.8433777858483045,-23.29581072354193,-14.665713236814621])
(3,[0,1,2],[4.05172901238074,-11.049497297616181,11.59848681811247])
(3,[0,1,2],[4.191062117773694,-1.7121798483096466,4.626070309008219])
(3,[0,1,2],[-0.5829710148323115,-28.03463092635611,-17.40731265250274])
(3,[0,1,2],[-5.188689527357763,-36.58537364654848,-19.171482431310707])
(3,[0,1,2],[-6.461361718947512,-40.260640879773916,-8.263105614644958])
(3,[0,1,2],[4.249761661164612,-6.0409970566480276,7.34946847591791])
(3,[0,1,2],[-1.6017150027566702,-31.884092308427917,-3.323423958490407])
(3,[0,1,2],[-0.9106171828506419,-24.57156654926224,-7.558022183912255])
(3,[0,1,2],[5.430096769884046,-23.82418227568912,-4.676211374167447])
(3,[0,1,2],[21.193799669550167,24.664558930143897,16.87464530983874])
(3,[0,1,2],[17.125482190603105,40.47391264448659,21.434662603645464])
(3,[0,1,2],[3.0331635708669067,-16.54659250284483,7.902059480348516])
(3,[0,1,2],[5.4373414879101265,-8.863178615538946,-7.288238982996927])
(3,[0,1,2],[24.676542938772698,19.119748649103563,19.991440165588507])
(3,[0,1,2],[0.9587959404849694,-11.148131973750017,-6.138101415551364])
(3,[0,1,2],[7.2118960414593705,-14.795102922507994,-9.875827738684782])
(3,[0,1,2],[7.827247732244778,-23.656649425255235,-6.46754986420812])
(3,[0,1,2],[2.4564720853750357,-32.040744205085716,-1.761694593171516])
(3,[0,1,2],[-9.667257667589805,-39.76747350792523,-22.42032412318653])
(3,[0,1,2],[15.722323961095402,11.840058085076517,15.470671423626523])
(3,[0,1,2],[16.892897637967366,21.740249027374485,11.872046125051263])
(3,[0,1,2],[-0.7607222108050866,-7.400390312513277,-5.861300973189161])
(3,[0,1,2],[-5.26482848420602,-33.751043264714184,-6.079348757721943])
(3,[0,1,2],[-0.13458204757508185,-15.295050236391104,5.535565471700834])
(3,[0,1,2],[7.91124988504836,-22.552871249259066,-19.64953397829387])
(3,[0,1,2],[-5.3989647060018395,-33.92048584687457,-6.729242738181515])
(3,[0,1,2],[2.9819053322625586,-20.783821182091653,8.607646539899186])
(3,[0,1,2],[-0.2022819245743982,-20.664979253665937,-12.034688271990987])
(3,[0,1,2],[-5.353456427763885,-22.249774300741556,-4.033574229172716])
(3,[0,1,2],[7.787688595845402,-32.89845604313032,-15.848604889616745])
(3,[0,1,2],[-4.3148013989768685,-30.393115613994418,-8.15467534770176])
(3,[0,1,2],[0.6564893104537124,-3.247375101313623,9.419487450369589])
(3,[0,1,2],[13.947627084601972,25.52658375332069,18.130073577957532])
(3,[0,1,2],[12.979107856087793,3.4869881874577726,11.641142762818061])
(3,[0,1,2],[-1.9129175539163936,-11.2983818226296,-9.611531552425406])
(3,[0,1,2],[1.9004056075858515,-32.50128280581093,-7.086901456828887])
(3,[0,1,2],[5.006308136327288,1.823741383634837,-4.866145686963201])
(3,[0,1,2],[18.24669635978714,18.823185758629265,19.781672505178285])
(3,[0,1,2],[0.4438214405812366,-16.75394103868452,8.320494642852703])
(3,[0,1,2],[2.360246538795129,-24.73851515768784,-3.322594760530328])
(3,[0,1,2],[7.290755618208594,-24.95858104231867,-12.880028869264065])
(3,[0,1,2],[7.368317294333285,-1.7129532419689375,-0.6505428522823675])
(3,[0,1,2],[-4.938732982810176,-35.37917208954769,-9.697484075603878])
(3,[0,1,2],[-8.286360672239724,-32.91329464617247,-8.390685536393535])
(3,[0,1,2],[-8.5630851073049,-15.50023704517717,-2.2348524159540273])
(3,[0,1,2],[5.895511151117484,-15.495172492226223,-11.334875300835012])
(3,[0,1,2],[21.250501695251664,9.428862720272058,18.032457862936226])
(3,[0,1,2],[-7.156067993298298,-15.19683313659564,-12.808074709160103])
(3,[0,1,2],[10.712706827594356,8.224419368581318,10.18104735115768])
(3,[0,1,2],[-5.168686441387648,-20.366224214912712,-1.9624659549315315])
(3,[0,1,2],[11.031122062065974,11.827944837903075,-0.2712185668476357])
(3,[0,1,2],[1.005663509699982,-20.2807363999399,-0.4223349956370277])
(3,[0,1,2],[7.382824660528326,-20.23624933802225,-16.293404482890686])
(3,[0,1,2],[0.7898992748736754,-20.579323551114648,-1.2733751090771617])
(3,[0,1,2],[5.306514278863051,-20.201899658354808,6.461535746749291])
(3,[0,1,2],[0.12982329743507143,-24.18478226501866,0.3499332822511727])
(3,[0,1,2],[-9.211463859378943,-27.769642663065525,-20.9804709105631])
(3,[0,1,2],[0.2754677372549812,-31.815129865178466,-19.260823653137624])
(3,[0,1,2],[-4.127134269861505,-21.668183456791716,2.560080399803642])
(3,[0,1,2],[-4.499798335681876,-30.24354667159411,-13.373151891795974])
(3,[0,1,2],[-4.640546525403836,-26.3416178433812,-4.897532596611743])
(3,[0,1,2],[25.216862496249373,23.286274576079663,22.48819457223623])
(3,[0,1,2],[2.3958391386537983,-22.587049764077296,-9.205249207204599])
(3,[0,1,2],[6.612266782235718,10.295720510217937,21.366579071442487])
(3,[0,1,2],[20.461308352005354,16.486064785728203,14.502230990495832])
(3,[0,1,2],[17.2541033207414,7.887075244691044,12.357238296227631])
(3,[0,1,2],[16.379037777878583,-21.81601665301409,-13.949397153085386])
(3,[0,1,2],[7.264472211315751,-5.9028925319057555,-1.0097544124001683])
(3,[0,1,2],[0.8263929526133856,-34.63470150575073,-18.265959045304974])
(3,[0,1,2],[9.746765188807773,2.305175889983614,18.505229793925874])
(3,[0,1,2],[-3.886875855354833,-21.962962557706838,-13.178365771751523])
(3,[0,1,2],[12.345677614752125,-4.8929394317021915,-7.305679390777859])
(3,[0,1,2],[16.257709649953718,33.08600065585008,25.533346772675436])
(3,[0,1,2],[-6.600616717679915,-21.905357994032,-12.693844873378671])
(3,[0,1,2],[-5.708829617957992,-33.37035993672972,-14.099333722087957])
(3,[0,1,2],[13.885608873583156,37.476628400567414,24.568318507793684])
(3,[0,1,2],[10.776442194658008,-2.010688790350898,-5.699046002766231])
(3,[0,1,2],[7.336109950847594,-35.47995829095321,-16.016635103049843])
(3,[0,1,2],[-1.0606290084721188,-27.580430688119147,-17.62156876933649])
(3,[0,1,2],[-12.38901524739153,-9.859295294005522,-2.940399633015093])
(3,[0,1,2],[7.478064515376621,-7.90388176030939,-1.6052654587265127])
(3,[0,1,2],[1.1899815642120384,-19.565500964592903,-7.443544177611342])
(3,[0,1,2],[17.592081092155656,29.99483470186405,17.459050665609468])
(3,[0,1,2],[13.487504448085014,-8.395286282802022,6.839423346844332])
(3,[0,1,2],[13.189030062353968,-5.643637749994938,2.386189980608596])
(3,[0,1,2],[-4.90832879052898,-25.844887751540227,-7.062807462832303])
