(3,[0,1,2],[-2.5381579498231743,-10.391469852851854,-15.267187328018174])
(3,[0,1,2],[13.386463312597913,18.74209599266675,18.16639342400705])
(3,[0,1,2],[1.1472270298235743,7.1132573878935155,-2.2251907472206156])
(3,[0,1,2],[0.900487400888879,-0.5448053525335641,4.370668296918247])
(3,[0,1,2],[4.458690898562825,-5.848712916225729,2.8069658430191398])
(3,[0,1,2],[-3.161985327040556,-6.145913821986863,-0.4807642686713186])
(3,[0,1,2],[17.99692275036677,21.39833055652999,12.710757016734881])
(3,[0,1,2],[-1.646159014493683,12.430254287222727,3.987691807157204])
(3,[0,1,2],[-2.7657561232905765,0.8040724292165994,4.061705616967819])
(3,[0,1,2],[0.4787095359453243,14.571000608023848,4.65232118959278])
(3,[0,1,2],[20.3884979380561,29.71601933015007,28.39797866001315])
(3,[0,1,2],[-1.899331097301324,-7.566997416202108,3.5374944368805243])
(3,[0,1,2],[-5.186857924562399,-10.08342541023464,-14.304525212970129])
(3,[0,1,2],[-7.940476492317944,-10.619558015084614,-16.31278589208351])
(3,[0,1,2],[-5.6486474166266385,3.2022070538123346,0.5197038263537981])
(3,[0,1,2],[-4.983010908990881,7.2440541713858115,8.125944457441943])
(3,[0,1,2],[3.809326746717149,-2.3043781907260197,0.0937387597244039])
(3,[0,1,2],[-12.63458226835222,-13.425200597869502,-10.05554749327837])
(3,[0,1,2],[-5.925613357542554,-5.095346949272008,-0.48739079419341896])
(3,[0,1,2],[-4.961736513614237,-1.6759741211649142,0.14213770801066725])
(3,[0,1,2],[-4.41774081736458,-4.3343864120161175,-7.594844255949698])
(3,[0,1,2],[0.8400592630638996,6.81840927986034,4.69948881917533])
(3,[0,1,2],[-2.032288585147999,-2.2778755973299507,-6.8628123067404845])
(3,[0,1,2],[-4.677488857937395,-4.186702306856929,-10.275419897078486])
(3,[0,1,2],[-5.1942831167926,-9.046691341918375,-16.22316530218775])
(3,[0,1,2],[-19.36034014221409,-16.231331894558817,-11.720726405875812])
(3,[0,1,2],[3.5568530489552925,2.083848304476017,-5.478016199562684])
(3,[0,1,2],[4.43728990810637,7.314109292752008,5.816369888950627])
(3,[0,1,2],[-4.420804719058248,-4.485724875467814,-2.1244999516429015])
(3,[0,1,2],[-9.061507951114185,-1.595166913466489,-6.503374005744343])
(3,[0,1,2],[-6.388760941296002,-10.188176728099055,-13.896675615164114])
(3,[0,1,2],[-0.31383220743422235,-4.882565447735317,-9.77570464890208])
(3,[0,1,2],[-2.09925770027023,1.317212420598971,-0.907660291899616])
(3,[0,1,2],[-1.1823835436236432,3.652682596503613,1.340657943799768])
(3,[0,1,2],[-3.424148048164105,-7.133368447857132,-12.850466877467259])
(3,[0,1,2],[13.394951617528843,19.23724943334293,17.07221245750554])
(3,[0,1,2],[0.9671454147605507,-0.7382133292081926,-2.51793978614036])
(3,[0,1,2],[15.909085919778304,24.87351084364523,22.88523070783029])
(3,[0,1,2],[-2.5372893232954836,-3.6829893533796456,-9.561723547915962])
(3,[0,1,2],[1.8925717626011505,-2.785690276152346,-8.206510052827136])
(3,[0,1,2],[11.453065716204009,15.73870555682408,6.058315526389462])
(3,[0,1,2],[1.0593610160554385,4.845433106247158,-1.2625950195148885])
(3,[0,1,2],[-10.856018979240636,-11.2938659561495,-12.510723667560402])
(3,[0,1,2],[-3.4963215228861744,-4.1429487243933,-9.09423298691838])
(3,[0,1,2],[-14.16343494575948,-11.370563667399477,-11.918269952381767])
(3,[0,1,2],[-13.62082302310224,-13.921941130785026,-21.773292322000398])
(3,[0,1,2],[-10.802962681114302,-10.454661240972955,-14.316469414427043])
(3,[0,1,2],[-4.766677684819653,-0.18048177121748998,-9.695682993823747])
(3,[0,1,2],[-12.525968897250646,-8.954823084577688,-13.789481127145665])
(3,[0,1,2],[-2.0336247698051904,0.6237705386235984,-0.09656570644317777])
(3,[0,1,2],[-7.391155641793789,-8.198735304471102,-8.428886329001028])
(3,[0,1,2],[3.04973448885997,8.055333695136222,0.9431991937813192])
(3,[0,1,2],[-1.8644320537939443,-0.4993686114849554,2.0559937535569017])
(3,[0,1,2],[-4.699491897764497,1.2126444309151148,2.554517666417263])
(3,[0,1,2],[9.034888285282747,12.768357280896781,11.036533606037699])
(3,[0,1,2],[-0.9416578831436544,9.365311911117653,5.514756756079686])
(3,[0,1,2],[-12.889985992834923,-11.682387857611113,-9.645819086570322])
(3,[0,1,2],[5.258200536040169,16.787148090356595,8.782746329127674])
(3,[0,1,2],[-8.123624809142525,-11.72405085773335,-6.168392131782886])
(3,[0,1,2],[-3.944707328933853,-7.79427168177051,-0.8496040523145026])
(3,[0,1,2],[-0.45635229425262597,-6.592036478431439,-11.046747256663629])
(3,[0,1,2],[6.10642312168138,14.507687289742648,5.3892685197040855])
(3,[0,1,2],[1.8584122166608663,4.392678143118406,4.813586493447597])
(3,[0,1,2],[-7.306367500055887,-10.870307676420207,-8.174297742372602])
(3,[0,1,2],[3.645367017891666,13.401178405596871,5.367116746951493])
(3,[0,1,2],[5.463535050136509,8.35589464704862,0.4311925046625667])
(3,[0,1,2],[3.047981826259327,7.019922337015775,0.5930801210780161])
(3,[0,1,2],[-17.246505944126266,-16.59538072316089,-17.05995232990346])
(3,[0,1,2],[-3.91480942381557,-9.213977711216447,-1.040600203364919])
(3,[0,1,2],[-13.136317798134838,-12.395279392310762,-11.058771224700074])
(3,[0,1,2],[-10.830784568338405,-11.123353532075972,-9.97582887777714])
(3,[0,1,2],[-20.200668545725666,-17.046587863269494,-22.52806478297569])
(3,[0,1,2],[2.1861381697346935,1.417922656118719,2.5929102892193963])
(3,[0,1,2],[-3.65029795360877,-4.599788686177524,-8.905205701049171])
(3,[0,1,2],[2.9385175449635055,6.2287589730052435,5.4293412060109185])
(3,[0,1,2],[-4.359836968722385,-2.0142175265277706,-8.481155453968443])
(3,[0,1,2],[-0.05591487155177788,-4.559807749114778,-9.58047190805598])
(3,[0,1,2],[-3.5789331477387236,-7.5348564954569,-2.164023152804545])
(3,[0,1,2],[-5.499347450693801,-3.0773835396818656,-1.334187167382537])
(3,[0,1,2],[0.20261756028090183,7.910764512576536,-0.5322873084304569])
(3,[0,1,2],[-6.635840410190845,-6.996887735332339,-12.194497013271873])
(3,[0,1,2],[0.37855490364766226,-5.935862365187294,-8.973209174383593])
(3,[0,1,2],[3.5160138882404333,0.33325275066294857,-0.8034300792035165])
(3,[0,1,2],[-15.06148581210834,-13.546034843745542,-10.904356001327406])
(3,[0,1,2],[-5.1339465253824565,-5.087789470301502,-1.3267050000735647])
(3,[0,1,2],[-1.3171914337610184,2.3075681257181553,-1.821183258474673])
(3,[0,1,2],[-11.303930685794187,-11.49927661558515,-11.267992681541102])
(3,[0,1,2],[-7.305033740068703,-8.349517926478493,-4.484755613361942])
(3,[0,1,2],[-8.420481082150884,-7.265742217985384,-6.75090114778322])
(3,[0,1,2],[-4.392337349947815,-2.941761100913812,-1.4398547922263005])
(3,[0,1,2],[6.119500493387378,3.2556020064124462,5.974455289158944])
(3,[0,1,2],[2.8863611723899187,-2.320332518065905,-6.583468822674452])
(3,[0,1,2],[-13.205121963460487,-23.204925873135405,-18.779965300091096])
(3,[0,1,2],[6.242524615878381,13.41254259069759,4.240868125216263])
(3,[0,1,2],[-17.645152791121255,-16.599040288259626,-15.383006035387533])
(3,[0,1,2],[17.927794695170924,23.50134800161557,20.23618255739858])
(3,[0,1,2],[-4.114197320809556,-4.9663244260808765,-1.0528118835455178])
(3,[0,1,2],[9.480668395566665,15.504029872957453,10.365159188073278])
(3,[0,1,2],[-5.456355210799252,-6.959758694195498,-2.4161054405656377])
(3,[0,1,2],[-1.0981943591119776,0.5752174016643139,-0.2129010633925893])
(3,[0,1,2],[-6.879416713872036,-8.609792211422171,-14.674870063477009])
(3,[0,1,2],[-1.5290477982895823,0.2259631265852478,-1.6004057040538109])
(3,[0,1,2],[-18.108604215755555,-15.47311715149182,-9.45066126164328])
(3,[0,1,2],[1.6726205810021815,-2.280396827663841,-1.8538734328033226])
(3,[0,1,2],[-5.998756479129722,-8.44868158983572,-9.734056069758807])
(3,[0,1,2],[-13.64892368848237,-12.776666877142516,-9.404066590429156])
(3,[0,1,2],[2.2287551540980557,13.045910853740905,12.100972145436112])
(3,[0,1,2],[-8.474857545042063,-8.794391827709257,-6.417696303002563])
(3,[0,1,2],[-2.4899398398681942,-7.602830112234616,-14.332648224989953])
(3,[0,1,2],[-1.7674562036915908,2.116005023741689,-5.892331609983625])
(3,[0,1,2],[-6.3365016380683015,-7.6469226994172175,-12.64704654022286])
(3,[0,1,2],[-2.0190676982079094,-2.4925300207355665,-9.809896553730402])
(3,[0,1,2],[4.887283374994983,8.06670624619526,7.063102050459483])
(3,[0,1,2],[-5.775904838123449,-0.39504087501665885,-6.226914689893811])
(3,[0,1,2],[-1.6961524117198064,-5.269038600281456,-0.43242501243829384])
(3,[0,1,2],[0.604143095200883,-9.76126696193981,-11.19573886560992])
(3,[0,1,2],[-3.2828188649807726,-13.987246278969558,-6.65307566100667])
(3,[0,1,2],[-8.126859855384422,-8.73435712081585,-11.376466367724579])
(3,[0,1,2],[7.542149027556188,11.698235871719243,8.153779995285028])
(3,[0,1,2],[19.690637035871177,28.527893990176416,23.486271207368294])
(3,[0,1,2],[0.7098374744241354,6.110962066667923,2.347657140340278])
(3,[0,1,2],[-11.852449553860904,-10.81304295531647,-16.51236499241736])
(3,[0,1,2],[-7.353203144622422,-3.06777814494067,-7.0898823020064965])
(3,[0,1,2],[-6.550810744200307,1.2480933613092242,-7.5934572203135575])
(3,[0,1,2],[-7.975327730013097,-4.8505559137927134,-7.311869218002967])
(3,[0,1,2],[3.648445286859979,-0.770373821840575,-1.891300709317236])
(3,[0,1,2],[1.7278547302779095,5.944875081300081,9.666991993657193])
(3,[0,1,2],[-10.04283856357633,-11.315851215218814,-10.167567096967089])
(3,[0,1,2],[-7.730267122816203,-6.92881236905092,-12.571232738461754])
(3,[0,1,2],[-6.036743843309712,-6.238769655905901,-10.830179792128162])
(3,[0,1,2],[-7.539096293701171,-10.171333914405034,-13.761166767762482])
(3,[0,1,2],[-0.5277029802064875,1.1760743224269514,-6.293479275842881])
(3,[0,1,2],[18.851724922753306,25.622685524298785,23.758795011724605])
(3,[0,1,2],[-4.486093301235636,-10.77420248422377,-18.78289423468242])
(3,[0,1,2],[1.6177586384069795,1.3574473274700896,-0.8513837275768377])
(3,[0,1,2],[-5.318570396150859,-8.34922639698743,-15.079304855719723])
(3,[0,1,2],[-6.7215306364387635,0.5332491406177959,-0.5742485620370427])
(3,[0,1,2],[-13.988631239273287,-28.6971669570587,-22.87395610994479])
(3,[0,1,2],[-9.142267777166973,-7.091942965926439,-12.701073173337862])
(3,[0,1,2],[-2.585971865451087,-0.47402713348855974,-4.961715458730891])
(3,[0,1,2],[-10.095588155571047,-15.153814760722497,-10.579393029338904])
(3,[0,1,2],[-3.1825771441598874,-4.25723752869831,-7.461430504636099])
(3,[0,1,2],[13.587584597728203,22.938913139379373,12.796053513592252])
(3,[0,1,2],[2.1658291761448876,7.910461655856736,7.506808615606534])
(3,[0,1,2],[-1.7986272995692691,2.20357972787198,-0.011655102964370306])
(3,[0,1,2],[9.899593911074195,8.06137205951649,2.5389566553237266])
(3,[0,1,2],[3.7392082667330433,7.958778731268634,3.605359580637709])
(3,[0,1,2],[5.48214309285276,7.299578130669998,11.275453010124867])
(3,[0,1,2],[2.6976029296397552,5.09993860165766,2.5417752446335586])
(3,[0,1,2],[-11.010168011890496,-4.431128891584736,-10.291367388194153])
(3,[0,1,2],[-5.61709672593034,-12.688657414330732,-6.086237560312754])
(3,[0,1,2],[-4.818862285445817,-5.972288400465518,-7.020333750342547])
(3,[0,1,2],[-4.231450818666292,-11.454064823002295,-16.395055081337677])
(3,[0,1,2],[-7.0220464269717064,-3.2287583851614614,-5.000278778927344])
(3,[0,1,2],[9.413284713984517,14.189628979696234,12.004127825211025])
(3,[0,1,2],[9.118155336427506,15.287573621710386,13.467909132206604])
(3,[0,1,2],[-3.194007649348527,0.655574649036609,-4.869346381125462])
(3,[0,1,2],[11.033031237802156,23.760523762951564,14.008496592061379])
(3,[0,1,2],[-17.25638074113757,-14.311217831922226,-12.380898014240108])
(3,[0,1,2],[4.928673175689414,6.878171143554427,7.557536119471938])
(3,[0,1,2],[-15.106317607954422,-15.699073838282557,-21.788501833383677])
(3,[0,1,2],[8.065164603598943,15.105415865729059,6.39183869841835])
(3,[0,1,2],[-8.760345573345585,-8.822697280598952,-10.84814890667577])
(3,[0,1,2],[-11.612866957625075,-9.860861120141745,-17.532287567435862])
(3,[0,1,2],[-0.5475800785591325,7.222876906550953,-0.13459215675424863])
(3,[0,1,2],[10.953426296543736,17.571338194389345,15.821324130644873])
(3,[0,1,2],[-9.85162472369557,-9.965780123401837,-18.796491968833706])
(3,[0,1,2],[-10.793595818452221,-10.630978285646721,-13.341884450264624])
(3,[0,1,2],[2.1322368348960103,3.551114450855318,3.4210501497749006])
(3,[0,1,2],[-5.4536464058774845,-6.160686432990385,-1.049302740138264])
(3,[0,1,2],[8.056483219634806,15.939298280079115,8.941995927309627])
(3,[0,1,2],[-2.983393767399893,-7.750730643594636,-13.815345033139707])
(3,[0,1,2],[1.4780927325425963,6.161601846637767,2.833380798276735])
(3,[0,1,2],[-9.763354901508489,0.39934492473843586,-6.066893616345888])
(3,[0,1,2],[-4.9498452055880815,-7.253451597360829,-12.991977270060854])
(3,[0,1,2],[2.3957848882560295,3.6043430373803558,2.817969247545701])
(3,[0,1,2],[-10.599774512968411,-10.026263216200269,-7.445877801688638])
(3,[0,1,2],[-1.7022816317821259,0.2584600308033831,-6.014490984733131])
(3,[0,1,2],[5.368067341188178,11.869183040523936,10.708827873451627])
(3,[0,1,2],[-8.165411251645095,-10.758109862061577,-16.97431036893604])
(3,[0,1,2],[-4.458670484733709,-8.150732606428122,-11.811358682917447])
(3,[0,1,2],[-21.700933344867497,-21.062348337101312,-24.10515664012417])
(3,[0,1,2],[21.083645478846474,29.37170215119345,26.79178822052882])
(3,[0,1,2],[-3.2789430778319195,7.94300009861846,-0.8559972821565035])
(3,[0,1,2],[-10.256031011393342,-11.208865392799085,-11.181467566871662])
(3,[0,1,2],[-1.372430513160879,8.790008605115629,-0.4465057211881851])
(3,[0,1,2],[5.814633182227819,9.489392647617844,7.593637733399674])
(3,[0,1,2],[-10.476466355030636,-11.054350689129937,-15.16799144268914])
(3,[0,1,2],[-1.1521724445849362,-0.16008887808348116,-2.810896169370795])
(3,[0,1,2],[-14.073012974800875,-11.929790330938976,-12.666789968323116])
(3,[0,1,2],[5.490831189076892,10.304310040349684,1.8406777921207678])
(3,[0,1,2],[4.162744919308814,6.969402465293262,3.4510824367110815])
(3,[0,1,2],[-7.913370035609258,-8.71080226333938,-3.6984342038069666])
(3,[0,1,2],[-2.6035424057614054,-0.5496773551791783,-4.755689321652335])
(3,[0,1,2],[5.708413521705154,6.763865347341229,11.742496286174394])
(3,[0,1,2],[-15.965866690966187,-24.69951883826936,-18.254416791603923])
(3,[0,1,2],[1.7092003534778182,10.882440012715907,4.161616476229465])
(3,[0,1,2],[-4.188666253643265,-1.345544551094943,2.828984831062466])
(3,[0,1,2],[-1.3514363828421123,-1.2050164144487385,-1.8644500488753044])
(3,[0,1,2],[-7.211196818310552,-15.466698121820492,-7.158515503353988])
(3,[0,1,2],[-5.457174286636999,-0.7641475864738357,3.490915783292909])
(3,[0,1,2],[-7.02187400375663,-17.758974138290256,-10.90787108531237])
(3,[0,1,2],[-4.135377646108666,2.4976603582547723,-5.907716873649525])
(3,[0,1,2],[-26.763624947838,-22.72162116402494,-23.552382339529352])
(3,[0,1,2],[-17.217619856171755,-16.266155536484877,-16.643618453979425])
(3,[0,1,2],[1.170699582414617,-1.1404862819833739,-2.1244258119706183])
(3,[0,1,2],[-2.0882514067694222,-4.605920460069381,-7.07938551386361])
(3,[0,1,2],[-11.190092448901035,-8.56716411092174,-10.051905375693924])
(3,[0,1,2],[1.4688824013453425,-0.5056331993943086,-1.0874687616361527])
(3,[0,1,2],[-2.9391512204929997,-0.6412083417850657,-0.7474353299862985])
(3,[0,1,2],[-10.414963700157177,-9.907891482553781,-10.386744670264985])
(3,[0,1,2],[-1.1467699281391992,1.5253106314514835,-5.940224231269754])
(3,[0,1,2],[-6.44862784834709,-8.484992461189833,-8.056688537411341])
(3,[0,1,2],[-9.232691653587635,-14.985771882114173,-8.770105917925743])
(3,[0,1,2],[2.0203719384871492,3.487117009547603,9.565073786909991])
(3,[0,1,2],[3.198992212137352,7.225727453433004,5.391998283977012])
(3,[0,1,2],[13.243741061906965,18.005117512204887,15.026329206959648])
(3,[0,1,2],[4.606150766638726,14.486007737255289,6.77526599215279])
(3,[0,1,2],[-10.63243618043594,-9.133249902497482,-13.964785749916722])
(3,[0,1,2],[-1.174078004930141,1.7886379140185664,-5.354566190573055])
(3,[0,1,2],[15.871466279104988,23.75921213031497,20.369482803527198])
(3,[0,1,2],[-1.4144755802656341,-6.840837079703801,-12.105423790151127])
(3,[0,1,2],[11.880941958230677,18.701595599491394,17.709103269988987])
(3,[0,1,2],[6.4833481645186435,8.549860074543552,11.888601775292038])
(3,[0,1,2],[-4.537368449852681,4.298636383386305,2.7562623515008737])
(3,[0,1,2],[-9.528045658331676,-10.315750277446375,-18.312811323862967])
(3,[0,1,2],[-2.6847417990602693,-1.9894890951929163,-0.9818847710307502])
(3,[0,1,2],[-1.1703971652935408,3.815935275264839,4.009459916062537])
(3,[0,1,2],[-18.36504499728114,-17.554737430726,-14.516033201871034])
(3,[0,1,2],[5.939933422274837,12.531964298831014,6.486378144888225])
(3,[0,1,2],[4.289491467043838,-2.808905895929037,-3.912895323595824])
(3,[0,1,2],[6.174472072450824,6.170348593111422,0.9921250864839447])
(3,[0,1,2],[2.8451859287298586,1.6222058423446275,-4.0516168048124275])
(3,[0,1,2],[10.747055881991546,17.311596565406028,15.125599689294885])
(3,[0,1,2],[-13.972844338926315,-13.562325462108857,-13.881133347922109])
(3,[0,1,2],[-10.678000223231798,-13.499595378534472,-15.807823735255715])
(3,[0,1,2],[-9.172412097497027,-13.236029617996252,-11.060489164173568])
(3,[0,1,2],[0.3500326495808474,0.5641707738542217,-0.7838764127026803])
(3,[0,1,2],[-11.300651774539597,-11.037903667428589,-14.539770724851431])
(3,[0,1,2],[-5.359144726013371,-2.3018379374206503,-3.679655555685836])
(3,[0,1,2],[-4.939548586601895,-11.770098532884552,-19.28944624077809])
(3,[0,1,2],[-5.726217715663048,-1.5330650596466762,-7.343113954232703])
(3,[0,1,2],[5.898765941353372,15.877385621840148,7.177286296472698])
(3,[0,1,2],[-9.258716615008714,-8.377002496172123,-14.69210343524508])
(3,[0,1,2],[-6.327882050831592,-8.234990239485322,-2.950382696719306])
(3,[0,1,2],[8.424985243274863,13.591157858437548,12.343077024174548])
(3,[0,1,2],[5.0577627890952295,7.7170174198039945,-0.4864616862251683])
(3,[0,1,2],[0.11574562006732714,2.9696222088581963,0.8065905677425905])
(3,[0,1,2],[-0.7444387170994349,-0.4533127233965002,-6.550904305901016])
(3,[0,1,2],[-1.8485254485687606,-9.522703217076955,-16.200811563722247])
(3,[0,1,2],[-12.466239151899632,-10.868629078313562,-7.940792763660683])
(3,[0,1,2],[-0.3921944718738808,-0.48944754134012824,-3.1162274462785935])
(3,[0,1,2],[0.46689151079444213,4.106281918348335,3.8461956191602087])
(3,[0,1,2],[-9.458329794536889,-9.887116853826203,-10.891914521408241])
(3,[0,1,2],[-5.076321930092739,-10.844820428443153,-18.5686628958803])
(3,[0,1,2],[16.06036299745134,24.74899696725454,23.137245131272056])
(3,[0,1,2],[-21.49447168556026,-19.99897228230177,-20.995915329748552])
(3,[0,1,2],[0.35483996193979483,-1.4346813404457253,-3.7820807393261737])
(3,[0,1,2],[5.950307915930784,12.611203026314648,5.93168796456586])
(3,[0,1,2],[-6.278169139818452,-3.0075454460956306,-1.687722621750262])
(3,[0,1,2],[8.51268040933335,10.963515817841412,6.2121649705556905])
(3,[0,1,2],[-9.921292424214835,-3.6211436885963835,-10.280186395256818])
(3,[0,1,2],[-1.8281606195373508,-0.26899110831842166,-4.8387042991228855])
(3,[0,1,2],[16.206065283120033,22.233124584495677,20.280319390347817])
(3,[0,1,2],[-13.270835302060817,-11.956904966925022,-12.948542406766755])
(3,[0,1,2],[4.211043754762937,4.375561196681952,-2.218013623376192])
(3,[0,1,2],[-5.515959847383244,-8.11023050200403,-13.722788530136391])
(3,[0,1,2],[-10.11536217326435,-9.012220377404011,-6.947849581406509])
(3,[0,1,2],[2.0913999229011564,5.854025167006847,7.85988203497487])
(3,[0,1,2],[-2.778124851276719,2.022416563790314,-4.698089772119696])
(3,[0,1,2],[12.065222028416105,18.791736670117213,17.122663380455165])
(3,[0,1,2],[0.7631676880868108,4.870029628459995,2.028415085448329])
(3,[0,1,2],[3.860496789975552,11.76166970571484,6.635876242289174])
(3,[0,1,2],[1.7636242950271728,6.46989995874155,0.6638365473566878])
(3,[0,1,2],[1.6295511687299387,16.09284707665011,8.282858474195432])
(3,[0,1,2],[-5.279428572424668,-6.953989889301532,-14.30728376949517])
(3,[0,1,2],[-15.203379412123413,-14.471924123324627,-15.135841920951261])
(3,[0,1,2],[0.856982010109856,6.1426166888578795,0.2765568389309978])
(3,[0,1,2],[2.353660789998078,13.317310342721958,4.713095883845106])
(3,[0,1,2],[-11.931196773792404,-14.948002894124283,-14.709005695894431])
(3,[0,1,2],[-1.9442791435078013,-3.561630082090561,-5.378988995066256])
(3,[0,1,2],[-8.826298683111125,-14.574826311339116,-9.71301395884015])
(3,[0,1,2],[-10.531617164035273,-9.357377897529835,-5.612549152283623])
(3,[0,1,2],[6.244087032338972,18.994010669657253,11.553633921746076])
(3,[0,1,2],[-2.0718765516203943,-3.144117961615108,-8.618531939408623])
(3,[0,1,2],[-5.114972010122119,-6.358696714296785,-3.410622608329033])
(3,[0,1,2],[-4.5744254337216255,-7.930108748898213,-15.295449748136406])
(3,[0,1,2],[-8.694019524499891,-2.4648963316541495,-1.0844677212843894])
(3,[0,1,2],[-3.6577302682005968,-2.1287263923899555,-6.869152345722025])
(3,[0,1,2],[-13.45779138060129,-12.012474488631685,-17.30085325513883])
(3,[0,1,2],[-4.831426432720429,-10.903967118803045,-19.17714502740162])
(3,[0,1,2],[-14.139279966705669,-13.219827654987629,-15.988420166543676])
(3,[0,1,2],[1.765275129972582,8.126603993916092,13.019713697434671])
(3,[0,1,2],[-14.080206523383664,-10.335550015883426,-8.935188156236666])
(3,[0,1,2],[-11.08507521282378,-6.614090570976389,-13.348987971383254])
(3,[0,1,2],[-13.045769111553945,-19.435219775548976,-14.477906185203318])
(3,[0,1,2],[17.041389167760048,25.033464907487478,24.351898409665374])
(3,[0,1,2],[-17.145813137086297,-14.666564066527897,-16.05080947015793])
(3,[0,1,2],[-3.0334394983556434,-3.8714499909299196,-12.313049408116733])
(3,[0,1,2],[-2.859053203715385,4.498999616245259,-4.375030834185685])
(3,[0,1,2],[-9.977347950296984,-16.96437962411762,-13.942246420438412])
(3,[0,1,2],[-3.401791100865678,-0.07500822965745857,2.8143706884781032])
(3,[0,1,2],[-3.462493772732111,-6.076272201489131,-8.752094894270833])
(3,[0,1,2],[18.348912190963176,23.807520601811138,22.112986503603537])
(3,[0,1,2],[-8.80352924248767,-13.108790048655344,-6.454842666603937])
(3,[0,1,2],[-2.469923088120134,-1.1959337370884946,-0.8915992761019512])
(3,[0,1,2],[-1.1637635624209592,5.268402954505117,-2.781526086781105])
(3,[0,1,2],[-8.777180721370847,-7.262196254624286,-11.687138131369894])
(3,[0,1,2],[-5.941332027938972,-6.65698702481168,-11.643782307668681])
(3,[0,1,2],[-17.006809936066045,-17.681850023961413,-17.16807155547322])
(3,[0,1,2],[5.747980432137638,8.0473909340201,12.119795118944186])
(3,[0,1,2],[3.054117995210227,14.565499303221378,16.009641611151945])
(3,[0,1,2],[22.213702613950236,30.869135982468027,26.575652021759247])
(3,[0,1,2],[-20.529015912726056,-14.640698241126975,-22.024618545793807])
(3,[0,1,2],[-10.413194851122459,-10.882825919020217,-17.375697831449187])
(3,[0,1,2],[-2.321718715376698,-3.2627089945314793,-7.796485954129114])
(3,[0,1,2],[-3.1969346228232065,-4.070591709215839,-5.725119240126217])
(3,[0,1,2],[-13.619847730036765,-11.832444273250896,-5.520711701784786])
(3,[0,1,2],[-6.122922549638928,-8.996536099660627,-15.869936045237644])
(3,[0,1,2],[8.113233226770733,15.11820820828921,12.230667351718315])
(3,[0,1,2],[-16.630688841267407,-14.62361503443248,-16.071060301494036])
(3,[0,1,2],[-7.048589294960176,-9.7842382346485,-15.791827043032056])
(3,[0,1,2],[-1.1384220290381148,-8.337737877366587,-0.5177171245437756])
(3,[0,1,2],[-10.53304484575013,-12.03956765926401,-8.961682730453658])
(3,[0,1,2],[-4.064849336885299,-4.5564458364928555,-10.337652186089974])
(3,[0,1,2],[-12.608921868943824,-12.85337019890849,-14.876705163958242])
(3,[0,1,2],[-8.341718253749214,-3.450961194097685,-5.891518800276486])
(3,[0,1,2],[-1.708703537011142,-4.125293162403032,-8.482278299404681])
(3,[0,1,2],[0.9340778493126733,-0.9010316131148536,4.337212925701354])
(3,[0,1,2],[-8.384947168375183,-7.798147944650573,-9.074108852350433])
(3,[0,1,2],[8.801052493972119,12.57468139482572,10.505480397441422])
(3,[0,1,2],[-4.894803561419933,-5.398540695318406,-5.050374825428618])
(3,[0,1,2],[-2.5333017946343257,2.630378266051923,-1.9696353500759076])
(3,[0,1,2],[3.083136885633489,8.620956715456717,12.491682887946432])
(3,[0,1,2],[4.041965327585784,15.568621162922296,6.133913298099548])
(3,[0,1,2],[-5.392669311122291,-6.300715274838863,-3.866477323294882])
(3,[0,1,2],[-1.7918545364934706,-8.213703373612098,-4.30790337147383])
(3,[0,1,2],[-0.7598397413618605,1.7761483382534267,5.196936317457592])
(3,[0,1,2],[4.524617906134529,14.945859976872864,8.712118164546407])
(3,[0,1,2],[27.977081727414664,39.62636025493468,36.46603770092659])
(3,[0,1,2],[-15.701069655800982,-11.09645221503781,-11.552333994022904])
(3,[0,1,2],[-7.274286533907352,-10.425196496664626,-17.47245085515485])
(3,[0,1,2],[-1.69049177691365,2.619870745952494,-4.126231961443406])
(3,[0,1,2],[-10.586177787462757,-16.338465810541532,-11.784925801599629])
(3,[0,1,2],[15.762814109844587,29.66135861506634,18.65917226551334])
(3,[0,1,2],[-17.208377823875516,-18.706861551576786,-18.274787336410153])
(3,[0,1,2],[1.1105206509364973,-4.33231283577283,-4.006997302881783])
(3,[0,1,2],[5.381039440543543,8.041726551856453,6.8038634537310205])
(3,[0,1,2],[-0.15209340515126057,3.231650135401174,0.5981456423790492])
(3,[0,1,2],[-7.185669718993405,-9.148680057184583,-20.164385642627742])
(3,[0,1,2],[-2.5564398790748286,4.171422755916769,5.157515311455941])
(3,[0,1,2],[-6.988903736624622,-14.014122823384426,-22.556269011217584])
(3,[0,1,2],[4.036431284539791,15.946660264303095,4.110229366819247])
(3,[0,1,2],[-9.948487675534492,-11.957816351352452,-7.223554801226134])
(3,[0,1,2],[-0.3981938380276653,-2.021882653679535,-5.373706829418185])
(3,[0,1,2],[1.484245044314791,12.106279549788656,4.65693500012335])
(3,[0,1,2],[-7.596041190715622,-15.651282892433812,-6.951473105724562])
(3,[0,1,2],[-2.082709126373871,-1.2984461819728597,-5.3633666788226275])
(3,[0,1,2],[9.193544986805637,14.663163023102722,6.215885257370612])
(3,[0,1,2],[8.596567622205821,14.959340283155925,12.254262057980322])
(3,[0,1,2],[-1.7334686289500891,9.305918464958008,0.4130622142189746])
(3,[0,1,2],[-4.287143726704434,-4.582168730341552,-2.1404234900230232])
(3,[0,1,2],[2.18893828408377,-3.0424595949199484,-3.987461994091276])
(3,[0,1,2],[-14.092963338689804,-13.260630036022407,-13.30910999131172])
(3,[0,1,2],[0.8641977293075527,0.6919817118945811,-5.597221555014539])
(3,[0,1,2],[-7.969605431274679,-10.51051371993372,-15.57868305665946])
(3,[0,1,2],[-1.5580206842320232,5.5700922600882,0.24609572441786104])
(3,[0,1,2],[11.355977640377139,25.386925420724413,15.704969041189322])
(3,[0,1,2],[-5.113056659435926,-4.8623045227725035,-10.6667596469754])
(3,[0,1,2],[6.505412805065082,0.7343286365191728,4.238886950864755])
(3,[0,1,2],[6.966959013332511,16.33502953999819,17.396114635690815])
(3,[0,1,2],[10.845973632619451,10.05497725877531,0.8154796807052473])
(3,[0,1,2],[12.02855004626864,19.381164262079114,15.270118453366994])
(3,[0,1,2],[-3.252339968273986,-1.816889121067994,-4.28736080429221])
(3,[0,1,2],[7.10269850291449,10.723260108284219,0.8035523919726137])
(3,[0,1,2],[-6.098996154916589,2.2837581367110107,1.4322982975035425])
(3,[0,1,2],[5.151948843747337,10.412354562473997,6.461824936301567])
(3,[0,1,2],[0.5960899635869874,-1.248784935513536,3.133236506644322])
(3,[0,1,2],[3.725391414056271,11.397291424697848,8.017520834475008])
(3,[0,1,2],[-6.984498313781289,-10.448706188849403,-18.266613834725607])
(3,[0,1,2],[13.76934956980228,22.594785358492825,20.755235162342306])
(3,[0,1,2],[-0.35659524761591477,0.862613093035847,5.120551155069254])
(3,[0,1,2],[0.5271685042939641,2.4669102597666153,1.7750833239954134])
(3,[0,1,2],[-4.629358018485308,-13.3758358889782,-19.686655799797833])
(3,[0,1,2],[-0.030139765868057555,5.144385313930767,2.4140649750416636])
(3,[0,1,2],[-11.780893344536157,-14.007822698226041,-27.99847592557814])
(3,[0,1,2],[4.646385039543631,9.270397426905472,7.062648281983594])
(3,[0,1,2],[26.396444632656987,36.02055989813158,32.439331209874126])
(3,[0,1,2],[-6.016333153085863,-6.179952949956481,-12.581442073653683])
(3,[0,1,2],[-5.36503921329525,-13.398791353390456,-3.186378783494601])
(3,[0,1,2],[-3.313692615454212,-2.865222684730224,-3.8043110368088713])
(3,[0,1,2],[10.035328718203502,16.602695041930197,14.081754513846017])
(3,[0,1,2],[-13.157658115635616,-12.688008768110524,-14.294272824323869])
(3,[0,1,2],[1.0236338287233948,-2.7489903859655422,-5.168370685543392])
(3,[0,1,2],[-6.663870616211901,-4.068310477274184,-8.210161035507944])
(3,[0,1,2],[-8.213077161005216,-9.785032848934026,-16.75429115595793])
(3,[0,1,2],[-1.2411433059335208,-5.437602009275587,-6.06219392108741])
(3,[0,1,2],[3.3959133254015166,6.350748096585617,5.073173529409614])
(3,[0,1,2],[-12.184043021196384,-12.095136992888225,-10.524551298594233])
(3,[0,1,2],[0.6826956884002594,-10.688917223920301,-15.802541141040667])
(3,[0,1,2],[19.862939639628333,26.804995723692603,25.510568549108566])
(3,[0,1,2],[-7.868975370398328,-6.761302792967916,-9.094434429034518])
(3,[0,1,2],[-3.5304860906765207,4.90490565320086,-3.6733967458464116])
(3,[0,1,2],[-3.5034396163044756,-4.530073085178522,-7.494457294139596])
(3,[0,1,2],[-1.96688608493769,-1.4897002339604175,-5.386749588906546])
(3,[0,1,2],[1.8125811694576086,3.129041620643691,8.506619698650132])
(3,[0,1,2],[-11.8486922928268,-14.477981780892666,-25.256377067488767])
(3,[0,1,2],[-3.002784947517946,-6.82384099692238,-15.639849780764552])
(3,[0,1,2],[-7.536955283546937,-6.834295679696442,-10.854960559156762])
(3,[0,1,2],[4.315088746723182,-0.9319210384461489,-4.334915445126674])
(3,[0,1,2],[-8.68752926647866,-17.707134260644878,-12.11081957039883])
(3,[0,1,2],[-8.849201682182727,-9.193261535714239,-10.027790495215234])
(3,[0,1,2],[28.750392619303497,38.375537653775496,37.632734235396114])
(3,[0,1,2],[4.441713756571936,-2.704401251823785,-2.6084183847984455])
(3,[0,1,2],[-10.13880408952558,-25.815550672365163,-19.971728948300015])
(3,[0,1,2],[-6.349584383998786,-4.50295340144478,-3.327687277802985])
(3,[0,1,2],[0.13731584619068463,-4.427495936836044,-10.438261196737818])
(3,[0,1,2],[-9.745803578141553,-9.022483325223257,-10.917924013960462])
(3,[0,1,2],[3.4430779458040854,7.342230759372283,3.198416224553569])
(3,[0,1,2],[-5.7698549118057505,-5.12673444745262,-10.984343358540862])
(3,[0,1,2],[0.02558567652834154,5.597267338740608,-0.33053299944033876])
(3,[0,1,2],[-2.9398847204697836,-2.0111387919576273,-5.552958077291875])
(3,[0,1,2],[9.84983356700962,15.33814835467443,12.966144498737838])
(3,[0,1,2],[-15.360120495302798,-12.247960369213127,-12.052035000568258])
(3,[0,1,2],[15.212333832956128,24.526259075814963,23.781571985392414])
(3,[0,1,2],[-11.83467522237318,-12.20516822964163,-15.790845689275539])
(3,[0,1,2],[34.1722384770685,42.49388653488277,39.87262454152595])
(3,[0,1,2],[2.895544556042439,4.8468440803781085,6.5973370606114985])
(3,[0,1,2],[-7.562882057614382,-7.6338636294270135,-4.04658700770628])
(3,[0,1,2],[10.57285856867152,16.709405678169553,13.801151911903524])
(3,[0,1,2],[-2.1645516018158326,-6.081094512157075,-1.355709761734182])
(3,[0,1,2],[-9.93520681874473,-9.55881223654594,-9.580257451506498])
(3,[0,1,2],[-8.461820378271234,-7.756432006682832,-3.490886873337985])
(3,[0,1,2],[-14.128578264620078,-26.676776624207655,-17.02393070723042])
(3,[0,1,2],[0.15982575699121612,-0.159701442450226,4.481646396891468])
(3,[0,1,2],[-6.520281603614668,4.224115759194065,1.5228830971780063])
(3,[0,1,2],[2.7246747421284914,-0.7342540187009208,0.8798665137084286])
(3,[0,1,2],[-0.05954640129019162,0.2960173045392668,-1.1545391310195419])
(3,[0,1,2],[-3.9187737630918003,-4.497589259136769,-8.569768144528364])
(3,[0,1,2],[-16.18853359082587,-16.680555051718763,-27.382493289863177])
(3,[0,1,2],[-6.649814768411007,-0.20061818468006565,-0.3267114712467277])
(3,[0,1,2],[-5.098633796460382,3.304239974710205,0.3133344347031787])
(3,[0,1,2],[-10.534674770850913,-1.343418687878915,-3.917260896374062])
(3,[0,1,2],[-10.089916284291442,-9.91296882119924,-6.939758238578272])
(3,[0,1,2],[-3.7977709804128574,-8.042350266079563,-12.527625647151638])
(3,[0,1,2],[-4.180660271551418,5.103993866580404,-1.4925798842494928])
(3,[0,1,2],[-2.988216904496722,-8.858692781356932,-1.2515705902465917])
(3,[0,1,2],[-16.41551884222097,-12.875815720970543,-10.89070546443221])
(3,[0,1,2],[-0.05439493662620023,-0.6477317224170782,4.332279548363119])
(3,[0,1,2],[-18.330758313859477,-17.45998251845137,-18.052012066519957])
(3,[0,1,2],[-2.481991893541155,-10.355779150115183,-4.2561642108513915])
(3,[0,1,2],[-4.683845982060754,0.982699640562191,-1.9562595305717672])
(3,[0,1,2],[-1.8457580247250278,6.430647747305658,5.5246925142222665])
(3,[0,1,2],[-3.4641750919109966,-9.227745541351492,-12.019754110342301])
(3,[0,1,2],[19.78998788584262,26.379124396864984,24.19994430950775])
(3,[0,1,2],[-5.696003115874891,-8.571066673017626,-15.639450215148667])
(3,[0,1,2],[-0.25519831325065956,2.3448750974323236,-2.6102378887860413])
(3,[0,1,2],[-17.059078878009753,-14.780992014114801,-19.46966949959761])
(3,[0,1,2],[-10.739692595062484,-10.111419874454938,-7.984304214548715])
(3,[0,1,2],[-11.582528680765195,-9.428414188298904,-9.298209422019985])
(3,[0,1,2],[-8.907980213451488,-7.515735507703388,-10.32216059934482])
(3,[0,1,2],[20.312716167282176,30.800095032649004,27.492938037001725])
(3,[0,1,2],[-4.928629905228623,-1.873438712380403,-8.679320322686406])
(3,[0,1,2],[-10.059916572819882,-22.705236599321587,-17.437771996446795])
(3,[0,1,2],[0.05712285051262986,-3.3448849064882156,-7.255022793573615])
(3,[0,1,2],[13.045447001334708,28.75589134481189,20.26697513655475])
(3,[0,1,2],[-13.384094468848717,-12.958051479877694,-12.757013286572437])
(3,[0,1,2],[-3.1088168540974186,-4.082237085165895,-8.860700267270225])
(3,[0,1,2],[-7.041091933043442,-4.749471953791501,-2.0681287062882547])
(3,[0,1,2],[-12.20085257909994,-11.531168742155412,-17.614149796685638])
(3,[0,1,2],[-11.630979875031555,-12.317211279764386,-14.845281932652474])
(3,[0,1,2],[0.9181617091519473,13.171016747901565,1.3911696920181023])
(3,[0,1,2],[2.7957827394940775,8.112545596459983,4.564660070685093])
(3,[0,1,2],[1.005305624254683,-2.2430632212790247,-2.087835438926121])
(3,[0,1,2],[-1.1090389908941787,-8.64006614319231,-13.459073627382834])
(3,[0,1,2],[7.126801981071877,13.794830290199839,11.06266150231072])
(3,[0,1,2],[7.744423188966803,14.660745076954687,13.517204795029992])
(3,[0,1,2],[3.5181813107994944,6.4764198155673025,9.568590955465472])
(3,[0,1,2],[-5.809267297641277,-7.244214066340276,-4.191997876758004])
(3,[0,1,2],[3.492688149753749,7.027192927506716,4.343024282300126])
(3,[0,1,2],[1.9261567681620875,6.654996272744951,3.6723471357492454])
(3,[0,1,2],[5.128598491814673,9.417775150057873,5.465074265999655])
(3,[0,1,2],[-1.0661825464500105,-4.489251954045966,0.039178166551757154])
(3,[0,1,2],[-20.63944245432641,-18.55254445106487,-20.36343414528442])
(3,[0,1,2],[-2.9378741798736603,-14.038055275131397,-4.522158365494304])
(3,[0,1,2],[-7.2403569659695,-8.42985623304243,-5.265163878777636])
(3,[0,1,2],[0.12004388693449158,0.046802524277713364,-1.225968095801597])
(3,[0,1,2],[12.838719898334212,17.062620001196485,16.11974028102615])
(3,[0,1,2],[11.991869070697126,15.81671118044241,13.869955854352659])
(3,[0,1,2],[-5.493218372258225,-7.329606804629914,-11.049207621299082])
(3,[0,1,2],[-1.054174976229452,6.772382016267343,1.908264754964228])
(3,[0,1,2],[-17.863029344368883,-20.29656334229199,-21.200031608939476])
(3,[0,1,2],[0.1374184378409976,9.220012542427561,7.748126493221266])
(3,[0,1,2],[-0.32864825753356003,-2.9851172991854513,3.9116414267811717])
(3,[0,1,2],[6.657079390010005,15.952497771123976,6.895604907793711])
(3,[0,1,2],[0.4642759275947062,3.596879009072667,-0.5458452368316535])
(3,[0,1,2],[-1.4535858974741775,-0.753406024683898,-7.173982176081774])
(3,[0,1,2],[-12.243358577627545,-10.544313788916403,-11.29447578845455])
(3,[0,1,2],[-8.111394500940847,-4.895732332087056,-4.17408906889915])
(3,[0,1,2],[-10.649926303324758,-18.633960376587996,-23.712013474973165])
(3,[0,1,2],[-0.8612559361981044,-10.309571799698507,-16.99134397241289])
(3,[0,1,2],[-11.723175254291082,-9.753514453537079,-17.850914709877323])
(3,[0,1,2],[-1.2486076087248645,-4.409502441392489,-11.671651572519922])
(3,[0,1,2],[6.976985339335843,11.31808188443443,11.062964311532479])
(3,[0,1,2],[6.184828472441065,3.216075560484036,9.530377588544091])
(3,[0,1,2],[1.4045909625848387,-0.6439121099189906,-6.005564999320733])
(3,[0,1,2],[1.7305766185581546,16.831890969472582,7.382033605127853])
(3,[0,1,2],[12.939909455583896,17.144174611371383,9.153454370085592])
(3,[0,1,2],[-4.248784051515843,-7.432297076563446,-11.420101221223705])
(3,[0,1,2],[-8.455508348374593,-11.3706267125019,-10.647503061779615])
(3,[0,1,2],[-2.7412893894485126,-2.172208201728532,-3.138075467165435])
(3,[0,1,2],[1.4881393425504088,19.64983539977541,9.660902874976342])
(3,[0,1,2],[-11.264838965873311,-11.062935096068989,-14.109485968100437])
(3,[0,1,2],[-0.8780940301392918,-2.371823637676932,1.0606013395846154])
(3,[0,1,2],[2.3657188846337704,6.193911068270971,-0.6684359661668531])
(3,[0,1,2],[15.452063956675374,21.804890704181553,19.63150138492074])
(3,[0,1,2],[6.855001374994772,11.707594615284194,9.492966068972414])
(3,[0,1,2],[0.6933854055427099,1.144841236448625,2.1715672620522626])
(3,[0,1,2],[-3.3844360560649096,-4.091673911535239,-4.907285311688895])
(3,[0,1,2],[0.5592724598362371,-3.422887184814063,-4.446336556618508])
(3,[0,1,2],[-20.321895624251766,-15.675129066791225,-17.797812081971756])
(3,[0,1,2],[6.4892754239225,7.6099848932619105,10.460569956043923])
(3,[0,1,2],[-6.119210343000766,-5.875204736000239,-7.736673547531947])
(3,[0,1,2],[0.7436535589002754,-2.126806262280355,-2.3646319634834008])
(3,[0,1,2],[-1.6790504975368015,-6.7120929323855885,-12.025525515935092])
(3,[0,1,2],[0.8295610809697784,2.033804139355988,2.330203515253379])
(3,[0,1,2],[1.8021145614154062,2.32314380268709,-5.552280072574067])
(3,[0,1,2],[12.160269057869943,17.867495725845487,15.765728959044141])
(3,[0,1,2],[-5.076663557276347,-3.3522856350538834,-7.74913330823075])
(3,[0,1,2],[4.755644745912083,17.720152500856397,8.60174948018446])
(3,[0,1,2],[2.0316092964069496,16.393432677126818,6.2679771164643])
(3,[0,1,2],[13.716097314444418,19.7974240910862,12.131496515763445])
(3,[0,1,2],[23.828323120932733,30.206497236029538,24.827846084857303])
(3,[0,1,2],[6.0131449906531635,14.193715002725101,6.256687925691588])
(3,[0,1,2],[4.347208309456563,10.077495721846418,8.276623248087938])
(3,[0,1,2],[-5.640235376167214,-7.030112962172294,-8.55514976446733])
(3,[0,1,2],[-13.110026258340389,-20.43313547220467,-15.831356838418943])
(3,[0,1,2],[-8.467134225858027,-7.670549135840044,-8.225006286953763])
(3,[0,1,2],[11.889518364560487,19.150966414369883,16.926289835674478])
(3,[0,1,2],[-5.458534139758249,-1.8871665588304152,-3.862268551974383])
(3,[0,1,2],[-5.352864221389412,-9.199598094590788,-15.625554823254387])
(3,[0,1,2],[-14.343827504285608,-9.910655243293048,-5.4170842448185255])
(3,[0,1,2],[-15.707957650718159,-25.274721613903402,-18.844501083837464])
(3,[0,1,2],[5.418839664724593,6.493828522001396,3.5826635116049363])
(3,[0,1,2],[0.30828143441663414,-6.3801805788844455,-8.748171788241159])
(3,[0,1,2],[0.7009433661039467,-1.988087057405962,4.337341804831567])
(3,[0,1,2],[8.938686784923323,11.656297170474193,9.913979416670369])
(3,[0,1,2],[-12.169453767417945,-13.172511808961218,-18.028119534116815])
(3,[0,1,2],[-6.031882377497256,-8.401261763888217,-10.695335648645138])
(3,[0,1,2],[-3.4422298711263206,1.2020946984421865,2.2899291913108843])
(3,[0,1,2],[-9.9307583668453,-12.498241753992883,-18.217558215337593])
(3,[0,1,2],[5.311083819176878,9.194753250496369,4.964755621779813])
(3,[0,1,2],[-10.924612367685256,-10.193291031858205,-11.590380276859584])
(3,[0,1,2],[4.425890142293195,14.637648594019709,4.628916206827972])
(3,[0,1,2],[-7.424579210227817,-10.092665342689022,-5.282351197544128])
(3,[0,1,2],[-10.170659538944436,-9.447701789629605,-16.78433521630152])
(3,[0,1,2],[5.096190902140269,9.414097969333596,7.313011399361443])
(3,[0,1,2],[-1.3433912123358196,-14.466062076365723,-4.854834914989576])
(3,[0,1,2],[0.9754380281892164,-8.711515378057848,-12.804727545221231])
(3,[0,1,2],[-3.231664588195506,-8.452801692656474,-4.478865279527344])
(3,[0,1,2],[0.22973168581124453,-5.795841574080757,-12.286234936043414])
(3,[0,1,2],[-3.3474244314784323,-10.605008867253828,-16.788523315827156])
(3,[0,1,2],[17.5147606487998,23.03106313116216,19.743215629688073])
(3,[0,1,2],[-5.808224749823743,-0.03729187947401691,-5.46243889346749])
(3,[0,1,2],[15.673188576846131,25.651601028495577,17.07692205462382])
(3,[0,1,2],[3.6913615024222057,7.090916787245444,5.845178561661047])
(3,[0,1,2],[-8.034014149500653,2.4525637150394273,-2.233087249002799])
(3,[0,1,2],[-5.162979957266934,-1.3130217552122125,-8.695484833235525])
(3,[0,1,2],[-14.682044993131754,-12.4513954141401,-12.69905094240686])
(3,[0,1,2],[-8.111316115032253,-8.258448837759405,-7.264404145105498])
(3,[0,1,2],[2.0911702390958293,2.134727150964552,7.025317146501491])
(3,[0,1,2],[-4.4047222947785105,1.5945887813173911,-0.26071560120790727])
(3,[0,1,2],[3.222271918065061,-10.015816258143598,1.7033990365517138])
(3,[0,1,2],[-5.48622947387367,-3.9675284694938666,-11.294663274292592])
(3,[0,1,2],[-7.784396948497965,-7.018213503155675,-12.073713728135447])
(3,[0,1,2],[4.446890214917687,11.230154257368392,3.111350395433933])
(3,[0,1,2],[-18.641333439291227,-23.27711337199609,-22.614142566826384])
(3,[0,1,2],[-3.916809804459842,-6.823041047901544,-12.898294475559513])
(3,[0,1,2],[-0.033343620788538086,-1.4671356625110024,-0.38118771672831914])
(3,[0,1,2],[-8.140572415484657,-7.487050019903847,-16.042517249289507])
(3,[0,1,2],[12.900402630519599,18.587776696871757,15.632243227277584])
(3,[0,1,2],[-12.485039099176282,-12.925722879215902,-16.348109874672584])
(3,[0,1,2],[-6.763049370620262,-2.382643117537505,-8.398705809959765])
(3,[0,1,2],[-13.031428485808485,-12.823399513650065,-17.4492651522922])
(3,[0,1,2],[1.0040770840120417,3.7356098944728653,2.702031552589546])
(3,[0,1,2],[-6.54605788791456,1.3865421958708004,-5.279371174810215])
(3,[0,1,2],[-1.3727730373765512,-0.5098846716817713,-4.907604044463014])
(3,[0,1,2],[-19.68595474450726,-18.417018126453577,-26.207974118129943])
(3,[0,1,2],[-3.3764962204781885,-14.7306254181746,-4.7943137860784235])
(3,[0,1,2],[0.3308884920816553,-8.754299932169744,-13.97804000820045])
(3,[0,1,2],[3.1600569132388823,4.574426738617492,-0.9703690503116027])
(3,[0,1,2],[-9.416535053418468,-10.544970000045941,-14.683887330189682])
(3,[0,1,2],[-4.145199829246519,-1.411736187047158,-5.420222034148819])
(3,[0,1,2],[-17.756114599842046,-15.62229036002743,-16.56575335357284])
(3,[0,1,2],[-12.991236451268179,-12.665142623134361,-14.290815486488007])
(3,[0,1,2],[-9.685210909588015,-10.31673494800731,-9.926129371571037])
(3,[0,1,2],[21.542675720934724,27.62329395867269,24.137223080512754])
(3,[0,1,2],[-13.87191522893001,-13.532550161019275,-19.854197107151478])
(3,[0,1,2],[-4.391633837290794,-6.047210321508058,0.17212283177135113])
(3,[0,1,2],[9.301540807920428,14.826701476266543,14.656211031588974])
(3,[0,1,2],[-13.687118956548538,-22.1688425059024,-16.979587620901384])
(3,[0,1,2],[-7.190817381805194,-7.379767834519045,-9.959323659728692])
(3,[0,1,2],[-13.749809904406487,-6.388896754502571,-9.465979058963214])
(3,[0,1,2],[-3.832359354151338,-9.107011252113981,-12.334105366450363])
(3,[0,1,2],[9.399843339220967,14.997817329329353,11.99283889969461])
(3,[0,1,2],[-20.12470489113237,-18.083299132776947,-12.8632423921255])
(3,[0,1,2],[-3.977966877956169,-2.759038246886001,-7.324550913597797])
(3,[0,1,2],[-6.490037497895015,-4.244755240740904,-4.819014436873232])
(3,[0,1,2],[-3.886345794921187,-5.489977626690926,-10.432255246498052])
(3,[0,1,2],[-6.759075624502978,-8.012579855355293,-15.288189852328031])
(3,[0,1,2],[5.000638701743257,11.662847002244572,13.087642538788428])
(3,[0,1,2],[-13.261265985036776,-13.365736005905545,-14.41601016622475])
(3,[0,1,2],[-11.333486776281408,-17.19194563519709,-13.092022974951327])
(3,[0,1,2],[-3.1576566746092465,-1.8354695077730327,-4.208407790861671])
(3,[0,1,2],[3.288254820652039,-0.7089128254492081,0.3596061783753791])
(3,[0,1,2],[-1.6883645876174664,4.09740572765885,-2.371360551768837])
(3,[0,1,2],[-1.6752004530994289,-5.369538424361356,-10.921303029401239])
(3,[0,1,2],[-0.9599368845734041,3.420811237566859,0.18899073960678253])
(3,[0,1,2],[-1.6862094260538654,-0.9559140247374822,-5.648285423215108])
(3,[0,1,2],[-2.0818908762640262,-0.6684529515011823,1.8056340085823466])
(3,[0,1,2],[-4.967340700610533,4.810621289764151,-1.890397730386223])
(3,[0,1,2],[-5.015680998229497,-11.811190582712502,-4.563646005657002])
(3,[0,1,2],[-3.3343742622225756,-10.930557208234694,-17.895414440982112])
(3,[0,1,2],[16.340396141399932,22.327293087003238,21.20555140381336])
(3,[0,1,2],[4.786185930385804,2.8015556089668867,3.8326517262679594])
(3,[0,1,2],[-1.3257244498206184,-3.56597378369208,-5.503050583743539])
(3,[0,1,2],[-1.9746606292233848,4.831240597798878,-1.7881604523403132])
(3,[0,1,2],[0.5966250518443593,-4.415553821819336,-6.848410985315646])
(3,[0,1,2],[-1.8501668026089102,6.540213004597395,7.935756165933813])
(3,[0,1,2],[-15.083496254943222,-12.048464364998855,-10.680309823239384])
(3,[0,1,2],[-10.998525178764796,-7.046189682319964,-9.025643640960222])
(3,[0,1,2],[3.435882946907014,3.5295952520510547,1.752858130831727])
(3,[0,1,2],[3.4066347563369934,7.708751942561193,8.296744643224557])
(3,[0,1,2],[-2.9332168741601836,-2.602660966222356,1.1344293410802826])
(3,[0,1,2],[-1.389801031089187,-7.864094737484294,-12.347077347928423])
(3,[0,1,2],[11.41785156787698,13.307627170552443,12.325298031675056])
(3,[0,1,2],[5.328657362379599,7.983319057230026,6.227245759738317])
(3,[0,1,2],[13.230838110866461,20.088808165989995,19.24159892241538])
(3,[0,1,2],[5.520300946447635,8.330556669535316,8.064855180851119])
(3,[0,1,2],[-1.501027774929303,1.1676050759010026,3.855991094688173])
(3,[0,1,2],[-7.328222392723408,-7.562189083957017,-12.57349104827917])
(3,[0,1,2],[1.4385725872054467,1.8707074003234425,-0.2623932548338913])
(3,[0,1,2],[15.162042487917061,20.294120424539386,16.503080958055246])
(3,[0,1,2],[-8.249749733120494,-3.3673248426718234,-9.875731028754839])
(3,[0,1,2],[1.8618599503905435,5.709367710895943,1.6580251945786058])
(3,[0,1,2],[1.6452359262737497,13.218216236274545,8.624943655547394])
(3,[0,1,2],[3.622119372089932,8.838654493493411,6.6660468331743425])
(3,[0,1,2],[-2.123746190431609,-2.870052384247218,-4.044184816810989])
(3,[0,1,2],[-10.92359173505685,-16.773926179785448,-15.33328778460553])
(3,[0,1,2],[-2.643125654179626,4.334557124361234,-2.185672736617547])
(3,[0,1,2],[-9.14892911816843,-9.018526183964598,-6.800042151898251])
(3,[0,1,2],[-2.871394125863554,-7.220325589559228,-12.687743858622515])
(3,[0,1,2],[11.924759755739622,31.83568292513886,21.55482449028713])
(3,[0,1,2],[9.812220176125726,18.465332714592808,11.87734679982207])
(3,[0,1,2],[-10.641433705193059,-11.586085152481795,-10.444572825472171])
(3,[0,1,2],[-3.0115090803287177,-1.285954901506702,-4.473865368558536])
(3,[0,1,2],[-11.646125968742528,-13.782118177124817,-17.858189799501826])
(3,[0,1,2],[-5.537199458016536,2.7555912597571135,-5.43628044055035])
(3,[0,1,2],[5.91475102626829,12.11288166572389,9.585943981275793])
(3,[0,1,2],[-10.368578129636541,-5.553175585961373,-6.785765060592084])
(3,[0,1,2],[-7.27967527166672,2.214755565789913,-0.8644289338980103])
(3,[0,1,2],[-14.498813013893857,-11.102063651304466,-12.833466154524377])
(3,[0,1,2],[-4.1931336523747955,-5.208593133435118,-7.045609305355646])
(3,[0,1,2],[-3.1769352508115967,1.7975046796959813,0.3151149330706735])
(3,[0,1,2],[11.991160074080973,19.052707113825647,17.13271758101907])
(3,[0,1,2],[-5.8330925778497145,-7.508725871823284,-11.89455801830227])
(3,[0,1,2],[-9.176583132287337,-4.622921743132031,-13.241946551191033])
(3,[0,1,2],[-0.7180272903551346,-2.7966704355531227,2.756367454741448])
(3,[0,1,2],[-6.574210138087296,-12.232510943585622,-7.13805174118698])
(3,[0,1,2],[-3.1371904653102236,-1.4710249672059617,-5.076563271633212])
(3,[0,1,2],[-7.749814232312316,-8.269953695800579,-7.149803317226473])
(3,[0,1,2],[3.587901629849781,11.144107088879576,8.55574109148783])
(3,[0,1,2],[-3.7534292065028123,-6.985705847822566,-3.8292145263531343])
(3,[0,1,2],[-0.5529559160418502,-1.4804477825387596,-3.153836713488338])
(3,[0,1,2],[0.5690308009491278,-5.775172288205613,-9.385428053690374])
(3,[0,1,2],[-0.7601721002504711,0.05714518225429743,-4.317019387737666])
(3,[0,1,2],[-4.377500776763908,-7.954986130302644,-14.998425367623257])
(3,[0,1,2],[9.767661506356816,13.659502309061578,11.599714888785538])
(3,[0,1,2],[1.982050774354242,4.60330520800165,7.942580477881629])
(3,[0,1,2],[7.549117533740138,12.62328930260308,9.809072616197476])
(3,[0,1,2],[17.007429232472507,22.5198966102022,21.76369311324947])
(3,[0,1,2],[-12.967072404049357,-11.340414087974462,-11.30457556598322])
(3,[0,1,2],[13.717848818781643,19.448915856506368,16.506257024296477])
(3,[0,1,2],[-2.560574188105322,-3.206676533723136,0.3132281335570413])
(3,[0,1,2],[-4.344263652365317,-4.736227033095098,-6.922232657834525])
(3,[0,1,2],[1.9936046603258546,8.444052375063682,5.531185131822606])
(3,[0,1,2],[-1.4824411056124829,-7.833076237746369,-15.821363095398537])
(3,[0,1,2],[-3.7966552522494648,-2.87307059330966,-9.201058496614184])
(3,[0,1,2],[-1.0217200177542425,1.7189759928991166,0.9320057725207752])
(3,[0,1,2],[-1.5736432692158504,-1.0815584671984608,-2.268159601551966])
(3,[0,1,2],[-3.382392713782569,7.076571496287182,7.687800156524073])
(3,[0,1,2],[-2.93901090152536,-0.7397585425099699,-3.7429729945549988])
(3,[0,1,2],[-8.187590131826898,-7.10983764504446,-11.838552017620831])
(3,[0,1,2],[-4.759548172614962,-0.6699043544904202,-2.6250094293468864])
(3,[0,1,2],[-1.9337173992458316,-8.414327992268401,-13.705789487360345])
(3,[0,1,2],[-5.694917445825648,-8.511452052320438,-5.407898327067009])
(3,[0,1,2],[12.179295866607736,12.547915151768876,3.3196905972814004])
(3,[0,1,2],[-6.88654464815916,-8.98230562518721,-11.23921729026113])
(3,[0,1,2],[12.061065141640498,21.133022287856623,11.809517026963698])
(3,[0,1,2],[-6.384544460389808,-8.004040928509035,-9.847371620232185])
(3,[0,1,2],[1.6051653622600215,6.113525565667863,-2.4314853844022988])
(3,[0,1,2],[6.809951278691183,11.4249457542334,9.132646188671838])
(3,[0,1,2],[1.6581967733747793,-3.6997279862450525,-6.71817144647923])
(3,[0,1,2],[-2.305463241244988,6.824585256149712,0.5058673342180915])
(3,[0,1,2],[-12.552589397065654,-12.297979183797809,-7.371416208404698])
(3,[0,1,2],[-4.883504708179936,-0.9760930313950799,-4.467390425216086])
(3,[0,1,2],[0.4496618541436307,-11.607859067172988,-3.4549567600684346])
(3,[0,1,2],[-11.46686018874681,-6.4526710591036,-8.21193689407727])
(3,[0,1,2],[10.099708466520232,16.79061723867501,13.547026313902034])
(3,[0,1,2],[-13.748071382600726,-14.57238044209842,-9.777310884455442])
(3,[0,1,2],[0.8243913607321753,-5.430286808686712,-9.661151501334938])
(3,[0,1,2],[-1.666170239562355,-1.0998581106547987,1.3363797794490422])
(3,[0,1,2],[-1.033251084327583,0.42488909390939966,1.4948693788937726])
(3,[0,1,2],[-5.854933517134783,-5.887891043364334,-12.084641339035533])
(3,[0,1,2],[-1.1735545895367547,-0.22281163985255936,-3.2900157101283636])
(3,[0,1,2],[-6.9509080326949775,-8.59343267424801,-9.798634067939252])
(3,[0,1,2],[12.894194508172625,20.669363200193075,18.315749666601704])
(3,[0,1,2],[-5.879888828259435,0.42289334077765406,-5.488856449341608])
(3,[0,1,2],[1.6434462935146836,7.553029012310911,5.624805675841167])
(3,[0,1,2],[5.017349007934565,8.772911008817022,4.623363187229369])
(3,[0,1,2],[-4.825113275065808,-8.551552255064168,-15.774899030756417])
(3,[0,1,2],[-17.695166769231903,-12.1653198176096,-12.420196101813453])
(3,[0,1,2],[-0.9367826139543179,1.0121374004493817,2.5900107519718754])
(3,[0,1,2],[-4.00699474664125,-3.5199981943612095,-10.262726396555694])
(3,[0,1,2],[18.552801481188094,25.6850566463809,24.35045331868833])
(3,[0,1,2],[9.426569594356572,16.55130887734189,11.468178181708044])
(3,[0,1,2],[20.172484739763863,27.127183205821108,23.83903691408166])
(3,[0,1,2],[-0.6130528213816525,-6.520121671491461,-9.893860790320636])
(3,[0,1,2],[-8.930801689242719,-15.999780721918356,-26.51278965608993])
(3,[0,1,2],[-3.2091974415177855,-9.661534653519395,-14.015245775778661])
(3,[0,1,2],[-10.8946153317209,-11.011923769053194,-14.969726367578568])
(3,[0,1,2],[2.4306554063319386,-8.073726803996246,0.46077214385093057])
(3,[0,1,2],[-5.644386668402698,0.893803284447075,1.0043154714981795])
(3,[0,1,2],[-4.527841915611855,-7.923940651253505,-16.69755010716814])
(3,[0,1,2],[3.563763561158048,6.510444473980845,4.6498455279082895])
(3,[0,1,2],[-10.220834982304842,-7.831500839089428,-10.622417094005852])
(3,[0,1,2],[-3.2428755810909013,-7.140285432051243,-11.59513076666276])
(3,[0,1,2],[0.5390539590637485,13.206052428687702,4.542848256936306])
(3,[0,1,2],[-2.6707263016095237,-4.385000987654741,-9.468252187057669])
(3,[0,1,2],[-4.044737412951373,-7.609170539756783,-8.341035663839103])
(3,[0,1,2],[3.5304796525674664,19.40792686589572,11.612930853443261])
(3,[0,1,2],[-3.146839687388506,-4.106616058461607,-6.468151306754806])
(3,[0,1,2],[-3.7620002814369564,-4.102196068214639,-7.959977673200685])
(3,[0,1,2],[-10.841583748382714,-8.426617951446445,-8.528951148227273])
(3,[0,1,2],[-19.328953908319985,-17.254563159247333,-16.48274360691248])
(3,[0,1,2],[-1.6094503895514962,10.87399104613806,1.3718102895757682])
(3,[0,1,2],[9.710682429411007,15.843161564400846,11.242882902490097])
(3,[0,1,2],[-10.680131986436411,-13.179499890676505,-11.301186872252776])
(3,[0,1,2],[-9.034660842098853,-5.725019636866084,-15.585703037667002])
(3,[0,1,2],[-1.577378299496347,1.0809382685877758,-0.25317640025188937])
(3,[0,1,2],[-7.150630656863355,-6.19279912191991,-13.303473707242283])
(3,[0,1,2],[-17.028193551178198,-15.554530414538695,-17.541620152042427])
(3,[0,1,2],[8.271517343572153,14.010555943624336,12.22121026995715])
(3,[0,1,2],[-11.161448802693888,-16.98528785677069,-13.687633577425032])
(3,[0,1,2],[-12.14215027773629,-10.77673083879981,-8.338902554604983])
(3,[0,1,2],[-1.0329985309808984,-4.80431392387561,-9.994750684744284])
(3,[0,1,2],[3.6435802889059934,13.671254751415361,5.100388363078445])
(3,[0,1,2],[9.921016926711935,15.899504845767584,13.378309836245005])
(3,[0,1,2],[-18.748830507857814,-17.09781726325171,-15.536478297301242])
(3,[0,1,2],[0.8091232165301995,0.32880176269094274,1.326549633342136])
(3,[0,1,2],[-7.138305749959145,-8.88784365977734,-11.83887966088458])
(3,[0,1,2],[-7.862984312022817,-8.09668411681596,-8.637668226542925])
(3,[0,1,2],[-12.535654720422158,-11.048270355958735,-11.45179382247209])
(3,[0,1,2],[3.531412455671896,7.676831532605808,1.2722799906931745])
(3,[0,1,2],[-14.529242301269042,-12.812493102433915,-11.368083100725265])
(3,[0,1,2],[-5.040603244336487,-6.297728640514455,-10.66093290608069])
(3,[0,1,2],[2.2532650154524583,-1.502749219658103,-2.915456145593178])
(3,[0,1,2],[6.891849016158349,10.271191051029955,13.389852605866446])
(3,[0,1,2],[-6.99197847987293,-7.423874166670579,-4.6255265489214885])
(3,[0,1,2],[-5.774907618304618,-5.838672800100511,-11.061610173963006])
(3,[0,1,2],[-15.563965498334724,-13.72221727008057,-17.95940997163186])
(3,[0,1,2],[3.5964286173305866,1.7982437680544123,3.1878054574425274])
(3,[0,1,2],[-4.871196684061639,-9.396047196093749,-15.845310318051245])
(3,[0,1,2],[25.579464254630203,36.83157095162982,32.43994046891859])
(3,[0,1,2],[-0.671283623577666,-8.73873655969547,-13.842268375663357])
(3,[0,1,2],[-12.003770816715647,-11.713850856746834,-12.367291392132282])
(3,[0,1,2],[0.7487129479933695,10.864815277439423,2.5045964289904346])
(3,[0,1,2],[5.477411366438052,6.966105207752405,0.761987368043153])
(3,[0,1,2],[-4.900049617335238,-8.112209367356028,-6.921511497685407])
(3,[0,1,2],[-13.999206282567531,-11.815303740715843,-9.27712046606205])
(3,[0,1,2],[-4.1300868066277925,2.1017886014323803,-3.6575689198498287])
(3,[0,1,2],[-6.430752436971988,-6.655205945021645,-8.512369627986581])
(3,[0,1,2],[-6.623103274060575,-6.496931694983718,-4.019028049216451])
(3,[0,1,2],[9.841163363100039,16.00499413524686,8.327306107509092])
(3,[0,1,2],[2.516167530920369,0.45451583145549745,5.1673703635614165])
(3,[0,1,2],[6.40304200490712,12.744723616678076,10.02182142309348])
(3,[0,1,2],[-11.919413474248472,-11.070097212696634,-11.276108630650764])
(3,[0,1,2],[-11.58806977041973,-15.22561035080175,-10.297891449736234])
(3,[0,1,2],[2.216162057353425,4.231032803121151,3.7155433763347028])
(3,[0,1,2],[7.230832772076343,5.50503404292579,0.26259116002759064])
(3,[0,1,2],[-14.133714116145669,-12.018678562824816,-11.67200051248661])
(3,[0,1,2],[-7.953442134220608,-8.715884933705368,-8.998320226230033])
(3,[0,1,2],[3.2940994116154023,8.435506750220213,6.302258101167607])
(3,[0,1,2],[0.7570243323299881,-1.1460729357625814,0.24142308252100766])
(3,[0,1,2],[17.63444969367399,25.792745154051133,21.408948496496244])
(3,[0,1,2],[7.055538363597698,11.960770367807118,5.685269524823341])
(3,[0,1,2],[-10.329353538465107,-7.917315396816029,-12.3336783507231])
(3,[0,1,2],[0.03385789619065277,-3.317252043177048,-6.161513927211473])
(3,[0,1,2],[5.061930380025518,3.7783854678284508,3.069212059258387])
(3,[0,1,2],[-10.109027891368845,-22.434845156917547,-13.872026504656034])
(3,[0,1,2],[-6.713299944017914,-7.101277034234747,-9.459894032299651])
(3,[0,1,2],[-5.175498438749379,-10.191943028482248,-14.781052956760806])
(3,[0,1,2],[-2.6519437824781105,6.3059347125998375,3.5323398862801643])
(3,[0,1,2],[17.438103889196764,23.205024284009767,23.066595370590797])
(3,[0,1,2],[6.140539861749493,14.019189981056908,7.461392917259142])
(3,[0,1,2],[1.4020288866990016,2.0771957482700887,4.726170665421155])
(3,[0,1,2],[-6.962908747397825,-8.972491341482806,-6.907132431859119])
(3,[0,1,2],[3.1427258174991355,6.239566443240312,1.9285585110932928])
(3,[0,1,2],[-0.9216028943753448,-1.6880096542500422,-5.2979852581988425])
(3,[0,1,2],[-1.5434756878154787,7.875611107198043,-0.6743473936818878])
(3,[0,1,2],[4.63810180410352,9.232212078642197,7.353779345955259])
(3,[0,1,2],[17.30454985206691,25.341133925574436,21.499028318903562])
(3,[0,1,2],[-2.5672458268535845,-8.446819194365782,-11.413117475445114])
(3,[0,1,2],[0.2658601019132505,7.5756397422244515,-2.303729792730766])
(3,[0,1,2],[-9.398979882744543,-6.0414772862598625,-2.438974253211459])
(3,[0,1,2],[-13.44812640481504,-11.072754990083755,-10.40831799819576])
(3,[0,1,2],[-4.637071838311991,-9.944801237478094,-4.750698630074739])
(3,[0,1,2],[-7.714102627344081,-8.612892025065925,-9.908079778693324])
(3,[0,1,2],[1.6790468100620888,-4.591263551949211,2.3557262221822106])
(3,[0,1,2],[-15.482406318344974,-10.421697531062511,-16.335220352684395])
(3,[0,1,2],[-9.858639771502427,-9.573278405260316,-10.876480878632222])
(3,[0,1,2],[-7.62454083427663,-9.898174295275373,-16.72064882039265])
(3,[0,1,2],[-0.1407901624207023,3.356882460454308,0.4691143292277802])
(3,[0,1,2],[-5.7523624725529094,-7.632344586996545,-8.901525912661734])
(3,[0,1,2],[-7.013682556379339,-1.5503766194060473,-0.7531831835862601])
(3,[0,1,2],[7.057543887337318,11.26770326219306,5.4523815040606864])
(3,[0,1,2],[-6.9071296120624,-8.643438449183707,-18.682120765319382])
(3,[0,1,2],[-4.90667908553208,0.14983520390698213,-7.88976366972242])
(3,[0,1,2],[-9.859930859304923,-9.195664431248158,-17.565804872519326])
(3,[0,1,2],[7.6018843943696615,-0.9076237747310101,9.597044921051639])
(3,[0,1,2],[7.0058824975813145,7.51080876834067,11.396163367736618])
(3,[0,1,2],[-6.255403006177157,-7.201396441893176,-8.502927100008618])
(3,[0,1,2],[3.2082811008345313,17.226659790809897,7.271636825168104])
(3,[0,1,2],[-6.35613934695418,-6.255195594718647,-3.9009254073144053])
(3,[0,1,2],[-1.258825352899867,-9.995911208395126,-11.777186701426514])
(3,[0,1,2],[0.3299302265822389,10.536347446612831,0.9944463122552197])
(3,[0,1,2],[-2.833762801200929,-0.32420533380994976,-1.714081284708118])
(3,[0,1,2],[-1.1885163775685879,-0.8431730845075125,-6.236827975914432])
(3,[0,1,2],[-6.305481130736809,-7.148248325635574,-8.369995803064276])
(3,[0,1,2],[6.559957396648187,9.540480918963665,8.585769506332603])
(3,[0,1,2],[-1.2996366551377367,-6.893128587508286,-8.599478613336967])
(3,[0,1,2],[2.99081264435294,3.0469651433770037,-4.986319428729871])
(3,[0,1,2],[-4.528383931524817,3.5075903896375618,-3.165611587222942])
(3,[0,1,2],[-8.814368259271214,-12.226306429106685,-10.3486285478063])
(3,[0,1,2],[-13.500095927366644,-9.841931360951335,-8.852418282882338])
(3,[0,1,2],[-3.0886305763281565,2.9726480187596565,-4.953561419739186])
(3,[0,1,2],[-2.196113351219039,-3.1867874146524353,-0.18889765528509572])
(3,[0,1,2],[-1.4871191887967221,0.5892116533043389,0.8689327865006456])
(3,[0,1,2],[-8.564628988037837,-9.06177796820134,-9.567866219724305])
(3,[0,1,2],[1.421900500606327,-3.9683374528007587,-8.926290274975479])
(3,[0,1,2],[-1.8353780755045008,-5.9608737342798666,-13.264322942227256])
(3,[0,1,2],[-5.3948408810198485,-7.586247999588277,-10.20181397572629])
(3,[0,1,2],[9.101041455022163,14.035680759170626,13.161950213088389])
(3,[0,1,2],[-2.653896227416271,2.108204359308293,1.9564261919052137])
(3,[0,1,2],[-0.753046706608713,3.8601321900766132,2.2227221408179485])
(3,[0,1,2],[4.393972048041515,4.5857302330971095,-1.3889155503409734])
(3,[0,1,2],[4.03065802295913,12.951828631989269,11.690386987727965])
(3,[0,1,2],[0.832831241363089,10.405119840401914,10.83008033139767])
(3,[0,1,2],[-8.332736066321022,-19.958337736371565,-11.984140605412396])
(3,[0,1,2],[-16.252657198936195,-16.336342889595706,-18.053268956563382])
(3,[0,1,2],[-4.545719129103689,-4.302785714321483,-7.619067836315563])
(3,[0,1,2],[-9.971038230524728,-11.312797635945836,-16.878478115206597])
(3,[0,1,2],[-1.5651075156683463,-3.269890220438941,-2.5301897184389173])
(3,[0,1,2],[24.341472065613765,33.402363187544225,29.475788027146216])
(3,[0,1,2],[-3.194351905959394,5.6869469133145625,0.9610511909391833])
(3,[0,1,2],[3.4586824008394315,5.750098570083454,-1.560382855723524])
(3,[0,1,2],[-0.9360466854072241,-0.25224963697168623,-2.3478056606338207])
(3,[0,1,2],[-12.973772262816384,-9.543808413614839,-12.393656462591547])
(3,[0,1,2],[-1.208043285483513,-5.678320048367808,-7.2757369754225545])
(3,[0,1,2],[25.86824179088071,32.76697087769037,27.910079986927123])
(3,[0,1,2],[-4.363623100316003,-2.9403756431138492,-8.488633971010811])
(3,[0,1,2],[-21.134916792317807,-17.982375910042702,-15.308180861436135])
(3,[0,1,2],[-8.14138054806636,-9.315757373512616,-4.376134768027464])
(3,[0,1,2],[-4.1134890308194665,-9.34156809321071,-11.771703624646744])
(3,[0,1,2],[4.464939695675877,12.382639747344752,8.445608141988457])
(3,[0,1,2],[-12.125845685263071,-10.688778555841456,-10.149114878333648])
(3,[0,1,2],[-1.8908447817426453,5.7102294798257525,-1.5682019407415546])
(3,[0,1,2],[-12.571569907003715,-15.738442623670073,-12.20399137349305])
(3,[0,1,2],[-5.993613725367282,-8.80860633244846,-6.938400929304013])
(3,[0,1,2],[-2.2585276869697246,-4.240158974846906,-8.570959008076127])
(3,[0,1,2],[-2.467025547613801,-4.13500500419192,-9.732014597389693])
(3,[0,1,2],[-1.8573311303133488,-0.6651015568882948,-2.784161202594516])
(3,[0,1,2],[4.395784912258504,12.73138463832902,14.636546258490187])
(3,[0,1,2],[-9.363217599351604,-8.171447558672297,-15.123505485812395])
(3,[0,1,2],[1.4560220363202108,4.322010149061915,6.383325113117929])
(3,[0,1,2],[-4.77391629974323,-4.726963175536414,-10.909992343627048])
(3,[0,1,2],[-8.335591038843857,-6.767182917747934,-12.784130199360836])
(3,[0,1,2],[-5.124997939935704,-7.941127689791095,-12.075683181554345])
(3,[0,1,2],[10.165717118201911,19.198287219814098,10.00460467751955])
(3,[0,1,2],[7.02146411157427,12.544988009615423,10.494709347357722])
(3,[0,1,2],[4.831634557719216,2.6199993399942825,8.988573843385218])
(3,[0,1,2],[-3.1884404044462493,-4.752871354011786,-11.977973569621732])
(3,[0,1,2],[11.824745043741418,20.209951891373592,17.398764069986115])
(3,[0,1,2],[1.0085909797414552,-1.8916285448740706,-9.411685010775665])
(3,[0,1,2],[-8.792805057729085,-11.226118879050533,-8.996377800633276])
(3,[0,1,2],[-8.063788920250127,-9.093216485171883,-4.5333177878543385])
(3,[0,1,2],[3.4247855234740947,17.29082664829972,7.187565510901821])
(3,[0,1,2],[-5.804036801475014,-8.480866562896676,-5.266070608371369])
(3,[0,1,2],[9.299187923671962,16.195942452283266,14.04951395015153])
(3,[0,1,2],[6.383537690099692,7.766653937303796,12.950215548572615])
(3,[0,1,2],[-11.241548901312147,-9.379864673730497,-17.030226490747513])
(3,[0,1,2],[-25.14764823056041,-22.19503528412774,-20.466431336278827])
(3,[0,1,2],[-13.830108247906525,-13.152125525325758,-5.4331074190237185])
(3,[0,1,2],[-8.947774121357952,-8.891221413377203,-7.202958096893349])
(3,[0,1,2],[0.7008580423565562,-3.6116789876639506,-1.6970321271170907])
(3,[0,1,2],[-11.410136735943416,-3.5647551413109446,-12.565967666931371])
(3,[0,1,2],[10.290559456826138,16.970675781209778,14.437722501157506])
(3,[0,1,2],[4.090416161864707,10.668707042817434,12.885025364246955])
(3,[0,1,2],[0.5777917066573248,3.2869413534565473,3.23806694474645])
(3,[0,1,2],[-4.37672664447235,2.0426367659670266,-5.514948608577134])
(3,[0,1,2],[0.34305790453310264,-3.6752484054586287,-3.652934281493003])
(3,[0,1,2],[9.913389104957055,14.939620285946644,14.791696630048007])
(3,[0,1,2],[13.869554090741293,7.137366324285207,19.30395059091744])
(3,[0,1,2],[-5.1602663298572695,-7.3379148034598005,-10.846468414860158])
(3,[0,1,2],[5.4897354251872015,7.554623893862977,-0.07233360231388963])
(3,[0,1,2],[2.676097624182438,0.2823672559487964,-0.6940604733008595])
(3,[0,1,2],[-10.050310878042437,-9.150118037890522,-10.12869167826799])
(3,[0,1,2],[-14.311452870135591,-13.667099779758718,-16.06367817146399])
(3,[0,1,2],[-11.953948024352648,-17.039047341538375,-12.796812151393214])
(3,[0,1,2],[-0.7962283843392699,1.6269570112057492,0.5949335184544106])
(3,[0,1,2],[-12.591203631930357,-9.621224407064348,-9.05781977019126])
(3,[0,1,2],[-3.8897753293507598,-4.359064264099237,-10.69768329692754])
(3,[0,1,2],[-8.826025148007135,-2.9592433645931093,-4.6628114506436455])
(3,[0,1,2],[16.58017289623629,22.99699470724675,20.26357709511665])
(3,[0,1,2],[21.651564339631342,31.581750569438363,27.99246180907344])
(3,[0,1,2],[-2.1969153842788858,3.2149411244561756,-4.212158125607219])
(3,[0,1,2],[2.8996254419251715,-0.5764211493668543,-0.5551159398411626])
(3,[0,1,2],[10.166287494187392,17.429416986246963,13.820828482273665])
(3,[0,1,2],[-3.3077645132863656,-4.984329258171591,-8.650651105429061])
(3,[0,1,2],[-3.8231857801935787,-1.597560102669267,-5.993623473504472])
(3,[0,1,2],[-5.502534637598458,2.7337781002289736,-3.605922029965113])
(3,[0,1,2],[-3.6261149630329896,-8.077821713018945,-11.629280771580481])
(3,[0,1,2],[-10.999107904175467,-21.78119270241082,-14.812838693744034])
(3,[0,1,2],[6.55259446388445,17.619412447114005,7.917482161217085])
(3,[0,1,2],[15.384098401705911,23.810011214458836,21.844757123556164])
(3,[0,1,2],[1.2218925808646621,-1.226919895491277,-3.1216587437102636])
(3,[0,1,2],[-12.851693365631622,-7.8370724309326425,-14.740270601597118])
(3,[0,1,2],[-4.229876418973488,2.6805556370179,-3.226112678698797])
(3,[0,1,2],[-8.746565542397283,-6.987664915340153,-4.477798854534742])
(3,[0,1,2],[-7.535406205117275,-8.001201582137504,-14.770753926639452])
(3,[0,1,2],[-0.3491513534484045,-2.1555291304923063,-11.131240617317788])
(3,[0,1,2],[-2.856603481638546,-4.639933821189017,-8.033688338871677])
(3,[0,1,2],[-6.324182261128563,-8.208768878325454,-14.500915536099907])
(3,[0,1,2],[-13.364774549050136,-11.73477566385549,-14.60554055544196])
(3,[0,1,2],[-9.046448186072777,-9.71071845683334,-17.83643390516538])
(3,[0,1,2],[0.7972439720235878,2.9523211203570145,-5.603572655802232])
(3,[0,1,2],[12.760730156265826,18.464687737984633,17.81027974266915])
(3,[0,1,2],[6.841160985206728,12.734901533254137,12.028382771197485])
(3,[0,1,2],[-3.1221678789768426,-8.792255401040858,1.0057599908434312])
(3,[0,1,2],[-7.648058329526768,-7.294217351630229,-14.483038113711448])
(3,[0,1,2],[2.6976857579359157,6.53413608033884,5.050039250367471])
(3,[0,1,2],[10.156338373643365,20.45118153575413,11.756609770708758])
(3,[0,1,2],[-5.94531274372974,0.9509660890700105,-6.620041179682189])
(3,[0,1,2],[-7.235584810488336,-6.343940252868789,-11.415137861395033])
(3,[0,1,2],[-10.358279343686602,-10.18893174036439,-5.478239631097026])
(3,[0,1,2],[2.2112485288639965,7.114542779009979,7.220055508909264])
(3,[0,1,2],[-9.224374088106577,-9.815052594419539,-17.986341556306005])
(3,[0,1,2],[-12.758144625050733,-12.64639680811312,-19.531488626865478])
(3,[0,1,2],[-0.7362642685602547,-9.113163633044415,-13.719343434254725])
(3,[0,1,2],[-8.513698633444003,-4.789211102527847,-4.2514909091265825])
(3,[0,1,2],[6.650121951288747,19.82171832030741,10.097923684731612])
(3,[0,1,2],[-5.7228091605534654,-6.531807193106694,-3.5727448611243044])
(3,[0,1,2],[4.87486905183917,9.377038148207323,6.407286056377318])
(3,[0,1,2],[-1.9518649972178468,-7.16733785898305,-11.460850325753771])
(3,[0,1,2],[8.847261463671815,12.711566423631975,13.223024854093502])
(3,[0,1,2],[-7.90852759927492,-8.091601025100154,-10.750136929684182])
(3,[0,1,2],[-7.336067820074839,-7.998086125464746,-7.048261265998055])
(3,[0,1,2],[-2.6956870193356317,-5.4215024359984,-8.75626437305063])
(3,[0,1,2],[-2.2831221923759286,0.2934837485730901,-9.0920538819676])
(3,[0,1,2],[-8.4023985045873,-9.208617396833992,-10.162948258698004])
(3,[0,1,2],[-6.6431436943504005,-14.786921531635297,-7.7906927251396505])
(3,[0,1,2],[-14.482215935504417,-14.64536396708726,-10.72894399295434])
(3,[0,1,2],[-3.486415355704953,-6.699904049449116,-12.624601484835615])
(3,[0,1,2],[-9.725455523148604,-9.357710863517807,-12.401471825117868])
(3,[0,1,2],[-4.308035644487514,-7.684537588861691,-14.518688148626454])
(3,[0,1,2],[13.638621876603715,21.066161533172924,16.600568037176718])
(3,[0,1,2],[-5.88338027466091,-5.290668371164745,-3.376339891067494])
(3,[0,1,2],[10.872614641645917,15.284071082883994,6.652999748843175])
(3,[0,1,2],[4.237036260891822,10.155059264706264,4.266628962783])
(3,[0,1,2],[2.8789928024850457,12.20348770886401,12.845029512205963])
(3,[0,1,2],[-7.31267100407467,-6.815078237321308,-10.293266998156708])
(3,[0,1,2],[-1.4863387900208211,1.4538630541195805,0.5842590275147261])
(3,[0,1,2],[-14.545702189940103,-12.94287142739628,-8.894898763202752])
(3,[0,1,2],[4.905170053550537,12.74086592999906,3.487341855636299])
(3,[0,1,2],[-7.94149567114203,-14.937356779154676,-8.385130697933521])
(3,[0,1,2],[-0.14534325116413632,-1.383266381441806,4.588082457316232])
(3,[0,1,2],[17.764910918071934,24.4220772845689,23.566303909588985])
(3,[0,1,2],[-9.73994120897276,-11.248179062219716,-10.089508302084568])
(3,[0,1,2],[-10.645010214676313,-9.357766323420424,-7.47839863694155])
(3,[0,1,2],[21.39739414722112,29.352597519978907,28.63015163410102])
(3,[0,1,2],[-3.702468669101978,1.3924477278800176,3.8978764951734757])
(3,[0,1,2],[-15.779586605789595,-14.510330685474838,-11.510936466294611])
(3,[0,1,2],[-15.658353414468422,-14.062069052489349,-17.750299552509023])
(3,[0,1,2],[-2.951516390799775,-5.3120681141162605,-9.589885361585376])
(3,[0,1,2],[-1.716932636200745,2.895024783868713,-1.2591990440519665])
(3,[0,1,2],[-1.145746925689316,-5.7973536349628905,-7.387320092159083])
(3,[0,1,2],[17.40342521857418,27.40441497432698,24.899092682079566])
(3,[0,1,2],[-3.6771309150719023,9.768590168207915,0.37640968786177054])
(3,[0,1,2],[0.37280081420804645,4.507074865144747,3.4218203897149038])
(3,[0,1,2],[-9.776745408460481,-9.626163332539244,-11.118165166148604])
