(3,[0,1,2],[-0.19188638664259322,-2.6879534344375315,-9.639671778617156])
(3,[0,1,2],[18.49585976537706,22.3955109335127,15.747977646220654])
(3,[0,1,2],[10.639912146586749,9.621881504361047,0.3814779256767761])
(3,[0,1,2],[2.4037870975704254,5.0364910869007,0.9669177961117341])
(3,[0,1,2],[-1.3252417143582282,5.883351675448133,-4.073215110274845])
(3,[0,1,2],[-2.5802996618919973,-2.017489167038195,-6.933290281643462])
(3,[0,1,2],[28.656421675312025,30.33316383701002,21.260142123734543])
(3,[0,1,2],[11.712444289502901,6.542770557425172,5.799490970183097])
(3,[0,1,2],[-0.584962266932551,-1.1632541466733513,0.457551783010524])
(3,[0,1,2],[15.79111914815626,9.344577103414677,5.120527259683724])
(3,[0,1,2],[31.11989752532984,35.31540085995087,34.16056358339527])
(3,[0,1,2],[-6.297842646433986,-1.0840184872738186,-1.5160486253804248])
(3,[0,1,2],[0.6742726911762826,-0.7534786024493748,-12.259677048410675])
(3,[0,1,2],[-3.707149981562829,-7.873771106405648,-15.897041797483762])
(3,[0,1,2],[1.0192603004003828,0.9831469619892172,-5.778297987904181])
(3,[0,1,2],[3.4096101740841473,0.4072103914685892,3.465280409136904])
(3,[0,1,2],[8.386567319302522,12.059276653326524,3.536018209314826])
(3,[0,1,2],[-11.048717506930203,-12.95821649021512,-20.253610624902045])
(3,[0,1,2],[-5.248788554787932,-6.001889859246826,-6.590464854637605])
(3,[0,1,2],[0.7282254008593011,0.6615929172776882,-7.584997040007317])
(3,[0,1,2],[0.1445527992949183,0.8668299788004594,-10.420876577968276])
(3,[0,1,2],[8.343989580481635,10.180892609114027,-0.8452449293106331])
(3,[0,1,2],[3.756815023564693,3.8238597931560605,-8.731476119782501])
(3,[0,1,2],[1.042229638056871,0.08905612820590214,-11.217835219682874])
(3,[0,1,2],[-0.6622418778647329,-2.776789184478517,-14.992072309801749])
(3,[0,1,2],[-19.01032170047656,-22.800973410683515,-24.80556092250149])
(3,[0,1,2],[12.73817797136897,10.174307417047583,-1.2225252206448494])
(3,[0,1,2],[8.706485183735158,10.626090971446438,5.340006905694313])
(3,[0,1,2],[-1.8070154913322418,-3.195039585149423,-5.249362099929578])
(3,[0,1,2],[0.05884105746618268,-5.60255027219677,-6.396323377291735])
(3,[0,1,2],[0.8972027298592264,-1.572274342582484,-14.293872518064616])
(3,[0,1,2],[7.047712603844655,5.3213883013575645,-8.470264663680705])
(3,[0,1,2],[3.7455628287341183,0.5200222995132783,-1.4486742484394126])
(3,[0,1,2],[5.2530578349516395,3.896087328058233,4.659609493003478])
(3,[0,1,2],[2.5362558150300196,0.015782470900858714,-10.75531272771247])
(3,[0,1,2],[19.108367358630854,25.523100077080883,21.34669703485903])
(3,[0,1,2],[4.516385576425499,4.619013735816836,-0.03198982866493133])
(3,[0,1,2],[22.862918205664037,29.157275530484316,22.480043830548226])
(3,[0,1,2],[5.855827937623993,1.0042917201867891,-7.849830578564834])
(3,[0,1,2],[6.603449809826053,5.606544746600234,-5.094424110636107])
(3,[0,1,2],[20.469884685072945,21.16730434617431,15.00922444936069])
(3,[0,1,2],[8.544720344727914,7.699623861269046,0.27803688106850555])
(3,[0,1,2],[-9.964677065273541,-12.274875460945397,-15.567949545901763])
(3,[0,1,2],[-2.501228419111382,-2.9685232352924706,-11.832686402125562])
(3,[0,1,2],[-11.634811119299542,-15.787144905843292,-15.378516911510324])
(3,[0,1,2],[-6.425097616169513,-14.371318095639637,-19.302047612509234])
(3,[0,1,2],[-4.438511665475536,-7.924877836140846,-16.959517668935224])
(3,[0,1,2],[3.0310136738748836,0.7021280639178444,-7.485809440277664])
(3,[0,1,2],[-6.314572447150538,-13.893008213156257,-14.405928993682346])
(3,[0,1,2],[5.499064326919267,4.34585787402477,3.484622853296255])
(3,[0,1,2],[-6.146590162807629,-8.259736575059787,-7.80504186251062])
(3,[0,1,2],[14.825004481036286,11.676170004431352,6.340139268934867])
(3,[0,1,2],[-2.502736895040211,0.05900661645191241,-2.381668848294227])
(3,[0,1,2],[0.49727336423585533,-0.7104831323716588,-4.389479253360754])
(3,[0,1,2],[11.684452458742008,14.293521625113453,7.475845188623121])
(3,[0,1,2],[9.892280515781652,6.711443748136437,5.189179984774995])
(3,[0,1,2],[-12.617391201945601,-15.067537266745756,-15.887471266058096])
(3,[0,1,2],[17.161182606648005,14.085260733164795,14.05084104364751])
(3,[0,1,2],[-7.857985863101463,-6.628171986277627,-12.471324612929866])
(3,[0,1,2],[-4.7965140720508295,-0.3877238530436756,-8.739022938009262])
(3,[0,1,2],[0.5874507414224887,1.4136746052317668,-10.787550793204263])
(3,[0,1,2],[16.298371173569976,17.653305736389385,3.02633922037037])
(3,[0,1,2],[3.298909248671865,7.755726029296879,-0.9888198609349392])
(3,[0,1,2],[-6.1133942915001045,-4.465161786831839,-15.29390168691528])
(3,[0,1,2],[15.076269725359369,13.002183450434924,11.154299893309625])
(3,[0,1,2],[15.689214562474097,14.832121194161694,2.8823537804789803])
(3,[0,1,2],[12.933021372212902,10.253900984256118,0.30169384631009016])
(3,[0,1,2],[-13.241338948048718,-18.99651817518484,-20.584813624982495])
(3,[0,1,2],[-6.2521026420373245,-4.1518820931639775,-9.412837174105789])
(3,[0,1,2],[-11.34552217027877,-13.51683184442701,-18.781519208297844])
(3,[0,1,2],[-15.35238936884754,-16.412262010010185,-15.098726849546496])
(3,[0,1,2],[-12.661170731602413,-23.76002270944013,-29.119332113437483])
(3,[0,1,2],[7.173595807339562,8.699927940856107,2.7177607359694482])
(3,[0,1,2],[3.7640214053822367,2.6481476286770516,-7.823647552750624])
(3,[0,1,2],[10.643335606067831,10.32125792230033,3.6567943618216914])
(3,[0,1,2],[2.863988576846979,2.8520304056835166,-13.240867622882305])
(3,[0,1,2],[1.7008031317584087,1.3291623264034085,-2.5403380768814987])
(3,[0,1,2],[-4.387486581969203,-0.5928655112062328,-6.67466830445945])
(3,[0,1,2],[-0.11386490689206369,-3.6201227991018667,-8.02410856211052])
(3,[0,1,2],[9.737638394155205,5.380011284059582,1.4664048381888581])
(3,[0,1,2],[-2.715859873182091,-6.42883067820373,-15.272726492936405])
(3,[0,1,2],[3.244043918446397,4.998102130032517,-5.647517028211229])
(3,[0,1,2],[4.3339392672443555,6.47265922644987,-2.672522063201136])
(3,[0,1,2],[-14.466288327211055,-15.402237103612922,-15.116857182351975])
(3,[0,1,2],[-4.697357502801112,-2.9108007738412645,-4.043195223249045])
(3,[0,1,2],[4.484931792032864,5.399106052987749,-0.637510792794613])
(3,[0,1,2],[-8.493453881024774,-10.971840866795016,-17.65977283165459])
(3,[0,1,2],[-8.16906334711051,-5.284821567135821,-12.849295302006249])
(3,[0,1,2],[-8.388881509059484,-9.587816901243535,-9.20108816758454])
(3,[0,1,2],[0.43712685487418224,1.5452348932121094,-8.329446324107606])
(3,[0,1,2],[8.222773693004756,10.754553030224898,8.583165360709138])
(3,[0,1,2],[7.97678521377699,8.950488396158725,-2.056999223576642])
(3,[0,1,2],[-16.46450028104894,-19.020571647607106,-19.869236913627827])
(3,[0,1,2],[14.179343363183994,14.919060391232037,6.7599772432452525])
(3,[0,1,2],[-14.186684974380844,-18.82042566679031,-21.998825545686632])
(3,[0,1,2],[24.213932351971902,28.910062572955425,22.7913442676201])
(3,[0,1,2],[-4.351135384830169,-1.944623779562044,-3.828471823950063])
(3,[0,1,2],[16.903129353626664,17.980324517500083,9.019898185447882])
(3,[0,1,2],[-6.820606215796719,-3.4634275365342138,-13.02317813031718])
(3,[0,1,2],[4.830979485767033,4.703895367607848,0.22171851530775533])
(3,[0,1,2],[0.6734015333537683,-1.2485588221976898,-14.79469756098501])
(3,[0,1,2],[6.215566842643802,2.466390801592126,0.9027944521317377])
(3,[0,1,2],[-16.421411781882902,-19.397073178758216,-24.682109508289606])
(3,[0,1,2],[6.026609595289458,8.581975011456777,-1.5186474851074405])
(3,[0,1,2],[-4.412958645768797,-4.249386657097238,-12.275595791325502])
(3,[0,1,2],[-11.70528549591101,-14.082586725305209,-17.19279673743999])
(3,[0,1,2],[10.469706363379514,9.71368188644452,10.910147508089862])
(3,[0,1,2],[-4.025203820101,-4.530949532702932,-12.152422212019358])
(3,[0,1,2],[3.8346029165995428,3.442651374678763,-9.356482468745543])
(3,[0,1,2],[6.12823229953007,1.0620840669141436,-0.6430269804435564])
(3,[0,1,2],[-3.5578317097273056,-4.067002257543367,-11.830984424833916])
(3,[0,1,2],[3.391473742759161,1.5602158274049138,-11.747136956958748])
(3,[0,1,2],[10.673083696814444,13.765151838925675,4.1082283481138635])
(3,[0,1,2],[0.8508485588516085,-2.0140545487165458,-3.8992378206982927])
(3,[0,1,2],[-1.7200362656185544,-0.9619778577317779,-0.10072413579448294])
(3,[0,1,2],[2.9337725512044246,3.697390777842908,-8.0570750701608])
(3,[0,1,2],[-7.361140693929292,-1.2157264372680383,-9.104252030445394])
(3,[0,1,2],[-4.02124334024352,-7.632594409834933,-8.397077534774429])
(3,[0,1,2],[13.54143817707275,10.669732282375216,12.866305067995867])
(3,[0,1,2],[29.746920998338155,32.120664736152705,27.6059948441164])
(3,[0,1,2],[7.1961415547519785,8.490924908380215,3.9756131196840467])
(3,[0,1,2],[-9.465299883008818,-12.645988360037475,-21.208255574530657])
(3,[0,1,2],[0.3922122953050142,-3.538174571601986,-10.563592639288597])
(3,[0,1,2],[3.97650527030451,-4.9086269266495,-5.530984168947496])
(3,[0,1,2],[-5.411653754208687,-5.319543141883406,-13.895189063156554])
(3,[0,1,2],[6.20209625204176,7.697199323661037,-0.4833306669697487])
(3,[0,1,2],[4.829693387868201,8.180592885393365,10.022337282126204])
(3,[0,1,2],[-8.356468389642473,-9.166702851072737,-12.83426124643354])
(3,[0,1,2],[-2.7306190863289794,-3.8283237298590973,-12.237174646890631])
(3,[0,1,2],[-0.572392821871691,-2.0572216272410326,-16.81383965079703])
(3,[0,1,2],[-4.949573984278908,-7.871329485470763,-21.031856067662673])
(3,[0,1,2],[9.17437033254909,4.2634523823523205,-3.6915619820774825])
(3,[0,1,2],[29.596133982328432,35.163864216024365,29.420025260390215])
(3,[0,1,2],[-0.2346021477558105,-4.621632475523258,-13.997033790110654])
(3,[0,1,2],[2.776181728300757,5.190059007525832,0.03745803612851806])
(3,[0,1,2],[0.6978732040671145,-4.4169916331620716,-11.044151896477128])
(3,[0,1,2],[-2.0852654036333265,-2.9531631358861983,-7.071109246646258])
(3,[0,1,2],[-17.886101677255766,-18.63465300825415,-28.26492988253598])
(3,[0,1,2],[-5.212413710363105,-8.896761102568812,-14.125753706449789])
(3,[0,1,2],[4.322052408942908,2.4634695276179883,-5.748382227222218])
(3,[0,1,2],[-12.347894931292377,-10.578678884178613,-15.734042900401924])
(3,[0,1,2],[-0.5661671727991644,-1.9399840416826106,-9.983362450736722])
(3,[0,1,2],[26.773560810253397,30.334580567002398,15.754788238024169])
(3,[0,1,2],[2.642966049124412,9.084850189653002,2.5768907688590206])
(3,[0,1,2],[3.0308692398468633,2.22017835716357,-4.76094806955791])
(3,[0,1,2],[14.210189029865518,13.890880854684134,6.724379593795895])
(3,[0,1,2],[10.324680442092669,12.970611204056006,7.588782803487911])
(3,[0,1,2],[5.214820057620285,9.607704838155236,12.101866492387447])
(3,[0,1,2],[8.073520073435523,7.505595461133037,0.047718065047376745])
(3,[0,1,2],[-8.994953281542877,-12.223308311375646,-17.401840845231128])
(3,[0,1,2],[-8.160480857419968,-4.977801665822797,-11.062355719261092])
(3,[0,1,2],[-5.288552104083968,-7.890418368472708,-6.118466426368077])
(3,[0,1,2],[-1.5457975854712203,-3.417518081247251,-18.117367616466797])
(3,[0,1,2],[-2.4137033225362154,-6.251832227312142,-3.1296198867540768])
(3,[0,1,2],[17.061279604095954,19.86953508633797,13.565916775751521])
(3,[0,1,2],[14.871679237966777,16.119318143355336,12.954800379696842])
(3,[0,1,2],[-0.702088613217122,-2.428713359019096,-4.551939897945885])
(3,[0,1,2],[25.477734875744748,21.99365889280191,18.000350761397293])
(3,[0,1,2],[-16.94044697475491,-21.102532512186762,-18.626187321669324])
(3,[0,1,2],[9.995079533896682,11.172618121468775,6.26274178189444])
(3,[0,1,2],[-10.273557811613763,-17.89503796191216,-21.952763871358464])
(3,[0,1,2],[15.79154403917044,16.34876096992005,12.565019888024398])
(3,[0,1,2],[-3.065344269733334,-7.046133195945631,-12.466531510297726])
(3,[0,1,2],[-3.3507433409649456,-12.286457708422097,-16.355057648068065])
(3,[0,1,2],[8.416515379502203,4.165187497254058,6.224040520770963])
(3,[0,1,2],[16.67352865737135,19.333543572912504,14.336961705136101])
(3,[0,1,2],[-1.377870458506549,-9.175880112077564,-19.35338810026313])
(3,[0,1,2],[-9.360039333504153,-12.570582500183198,-14.209514083473339])
(3,[0,1,2],[6.16881963385503,8.205116219155284,1.8011037046095733])
(3,[0,1,2],[-4.854109359006909,-1.9471692210431533,-7.014745546386229])
(3,[0,1,2],[18.698062301385022,16.225228518643007,10.76070884442745])
(3,[0,1,2],[1.4032416886303876,-1.5478294033302722,-10.12923863987513])
(3,[0,1,2],[9.356887762818772,10.71949608876632,2.071689472535965])
(3,[0,1,2],[-0.2100962217601987,-5.098689032994748,-9.665344688071608])
(3,[0,1,2],[1.2145303029495724,-3.1401737903052047,-10.402324181317773])
(3,[0,1,2],[8.305531285795096,5.631007581511859,4.324497253303038])
(3,[0,1,2],[-9.086057473681524,-9.937659780918315,-11.682980700117849])
(3,[0,1,2],[2.7954328542323705,3.3809647502140963,-6.033419445463295])
(3,[0,1,2],[14.415809277783655,15.3352844177478,9.242386200767545])
(3,[0,1,2],[-2.2835637782862044,-7.735488558221759,-14.658116823946989])
(3,[0,1,2],[2.7522985863359386,-1.4591030493919812,-13.662798857510502])
(3,[0,1,2],[-17.041657063152154,-26.447317633579143,-29.060022593396457])
(3,[0,1,2],[31.235127758320107,36.630459753880466,36.4201886875539])
(3,[0,1,2],[7.184171387602382,3.51810052056421,0.16441606406092085])
(3,[0,1,2],[-8.21634459818436,-9.539556012841514,-12.102011723152668])
(3,[0,1,2],[7.381812401272813,4.138509395111514,1.80634582562797])
(3,[0,1,2],[13.375284815409463,14.376685326787356,11.50581917745683])
(3,[0,1,2],[-4.05309888376981,-10.73127370469985,-15.294085096707411])
(3,[0,1,2],[4.521583319422896,4.180440168614588,-5.57471950398074])
(3,[0,1,2],[-11.60820261628798,-14.090159959838925,-18.16386902476025])
(3,[0,1,2],[13.462127465665738,9.451950434534892,3.9111737594892513])
(3,[0,1,2],[8.625009033863266,9.861415605037058,3.231330980120987])
(3,[0,1,2],[-7.808545815885623,-6.797620496654755,-9.366541346212372])
(3,[0,1,2],[2.153857912429219,4.366601181737961,-6.091506977836065])
(3,[0,1,2],[4.820400425984564,8.799705595517857,5.386611619240452])
(3,[0,1,2],[-20.440859773498815,-20.12106153465481,-23.944670207187553])
(3,[0,1,2],[17.059607210018957,15.75895028028777,3.2143604098949323])
(3,[0,1,2],[-2.459151128995684,0.023245366665318123,-4.343906096618524])
(3,[0,1,2],[0.6978590441406289,2.464304751545537,-3.6393616703814637])
(3,[0,1,2],[-11.597268722499717,-11.03289247211887,-17.204451284191595])
(3,[0,1,2],[-1.727200903737207,-0.19716147769035897,-5.602689823449916])
(3,[0,1,2],[-13.169933677748874,-9.89140552962073,-17.759192489482608])
(3,[0,1,2],[5.3445577158863395,2.970226846400826,-1.932988958248063])
(3,[0,1,2],[-25.154421375489402,-34.83248103968905,-32.67718370147933])
(3,[0,1,2],[-15.147731744147206,-20.44677176530861,-18.67294489508602])
(3,[0,1,2],[5.1193542079474135,2.8743750259926113,-7.116974555853597])
(3,[0,1,2],[2.0915876562541746,2.7673013766589527,-2.2494939361948028])
(3,[0,1,2],[-6.080558861593191,-13.072209009172909,-12.92407462341689])
(3,[0,1,2],[4.876901043453666,6.399043810970015,-4.811354632524186])
(3,[0,1,2],[2.4208245004842808,0.5557107114247828,-4.762509764670811])
(3,[0,1,2],[-8.41174896217265,-8.904615791657704,-18.672236874904918])
(3,[0,1,2],[7.667798884043904,4.22292106720719,0.9567661620874947])
(3,[0,1,2],[-4.169638057847139,-3.937407833248079,-11.008664835658815])
(3,[0,1,2],[-13.920167098352763,-11.633634433464149,-12.388802339232436])
(3,[0,1,2],[5.223181388978603,8.545959003227637,4.719921087133369])
(3,[0,1,2],[7.698034960657814,9.778156909922762,7.485382896528492])
(3,[0,1,2],[19.181596645096498,22.940591953015463,18.58875219242265])
(3,[0,1,2],[12.35165935420967,12.758497672129844,9.04934358624044])
(3,[0,1,2],[-7.130124954278651,-8.741293646050224,-15.828890031601505])
(3,[0,1,2],[7.747006988559718,5.249855261830995,-4.519076022133126])
(3,[0,1,2],[25.1117977822452,28.26241494365503,27.176288041514443])
(3,[0,1,2],[3.9740743342237197,0.7225353160127205,-7.670080812252667])
(3,[0,1,2],[21.705364410506018,24.602883278146166,16.08004655798184])
(3,[0,1,2],[5.943456407483775,11.147876121651292,6.770278188691874])
(3,[0,1,2],[-3.3528980028741313,-1.3163011003831515,-2.3222457934345577])
(3,[0,1,2],[-5.569948828149,-11.447749576314157,-21.397939082821647])
(3,[0,1,2],[-0.6941313633439039,-0.17154355995725734,-5.341775680343542])
(3,[0,1,2],[3.568390532255597,4.361885975337589,-0.730827693722686])
(3,[0,1,2],[-17.993479089342756,-22.304597563079863,-21.92070798224216])
(3,[0,1,2],[16.840967982607427,14.543317736637388,7.733855389797732])
(3,[0,1,2],[3.8059235648519527,4.34446232494809,-0.3626581403647068])
(3,[0,1,2],[14.836265477871056,13.411386664382897,5.166337889100092])
(3,[0,1,2],[12.412883093845766,8.27193028310995,0.3048951721535862])
(3,[0,1,2],[20.906789822083248,19.91504452317151,18.871232223594326])
(3,[0,1,2],[-11.823648867033143,-14.425117009118946,-17.678446598398285])
(3,[0,1,2],[-3.7222789909487246,-12.015483470343144,-17.38808762642795])
(3,[0,1,2],[-13.053075384264428,-12.165955195678873,-16.320706011628996])
(3,[0,1,2],[3.6836347805765337,4.627757739216567,-4.9852262021516776])
(3,[0,1,2],[-5.979067591758886,-9.089993405042385,-17.183720051842492])
(3,[0,1,2],[-3.686900733456651,-4.052844997388786,-3.1375876045130098])
(3,[0,1,2],[2.6863722597634743,-0.7517236843222455,-11.232289834343364])
(3,[0,1,2],[3.4420235002381987,0.47375043936914546,-6.919071749549126])
(3,[0,1,2],[14.939390099070287,13.752457712189868,9.106740589310757])
(3,[0,1,2],[0.06861405561272704,-5.832114910365361,-14.094662219781208])
(3,[0,1,2],[-5.791461491566392,-3.981123323848419,-9.6267129312476])
(3,[0,1,2],[13.161524723115448,17.055070578545838,14.340280048737213])
(3,[0,1,2],[14.635183950561204,13.05274413840049,3.662395704239276])
(3,[0,1,2],[7.284384607861588,6.543063571938208,2.4260271961781505])
(3,[0,1,2],[5.720426575790128,1.1240808833173264,-4.284805668235951])
(3,[0,1,2],[0.5277562643116788,1.3010404923758194,-12.143434190306163])
(3,[0,1,2],[-8.62745649338573,-10.111277000896084,-16.884400625015815])
(3,[0,1,2],[3.9168232628524713,3.510772727241033,-1.102858508823547])
(3,[0,1,2],[3.8883320019946104,4.089948588549995,2.13106787534676])
(3,[0,1,2],[-7.040840259010127,-11.127500907402492,-12.134024091426449])
(3,[0,1,2],[-2.7993046814968428,-5.955152772637325,-13.61492586876948])
(3,[0,1,2],[22.078678357899687,27.747449820158394,22.246819035935708])
(3,[0,1,2],[-19.16718681954455,-26.798174529059544,-26.400318575157936])
(3,[0,1,2],[4.357590370005434,3.483411593507463,-6.810293843882703])
(3,[0,1,2],[12.726938261059267,12.518902350139085,9.529130198697489])
(3,[0,1,2],[-3.3794302443895616,-2.8698703539308066,-7.2107173922798555])
(3,[0,1,2],[15.95973375232566,17.871325621185132,8.839538654637218])
(3,[0,1,2],[-1.7138429156089847,-5.999213225607058,-10.02829803049231])
(3,[0,1,2],[2.2986590627515904,0.9332166290103854,-2.241030330714117])
(3,[0,1,2],[22.354184285746967,26.65071134508049,22.158508959653872])
(3,[0,1,2],[-10.581338670294567,-13.07558673254275,-16.557537015202072])
(3,[0,1,2],[10.110397805120177,13.22170645425619,3.5963602251365954])
(3,[0,1,2],[0.5628855937403017,-3.3441581075215328,-9.374000062546497])
(3,[0,1,2],[-8.412388405826965,-7.613080563766223,-10.779890829952919])
(3,[0,1,2],[7.475269849059825,10.294181668032529,9.064226243685024])
(3,[0,1,2],[4.367668938671047,4.135171723725666,-6.354178329049212])
(3,[0,1,2],[17.590733882850657,23.6701546630879,19.564241334769797])
(3,[0,1,2],[5.793980265479908,6.008667571393174,2.046303854646209])
(3,[0,1,2],[15.64285351556826,14.96688208669422,11.77042308043396])
(3,[0,1,2],[13.077918518419759,8.224790836475119,5.781039294067968])
(3,[0,1,2],[16.2147914224348,12.165360716082436,8.41682186516844])
(3,[0,1,2],[1.3200217220075319,-1.550133537833545,-9.466141561894853])
(3,[0,1,2],[-13.461642457919481,-17.38813215523198,-18.807063705215423])
(3,[0,1,2],[10.176670397285553,9.015734925400567,0.8228820048873698])
(3,[0,1,2],[13.261410630258041,12.809768317295713,9.857431604863429])
(3,[0,1,2],[-12.435369333448376,-15.73001693166324,-19.100029091499444])
(3,[0,1,2],[2.493479392177424,-0.08939613871832675,-5.364579596517917])
(3,[0,1,2],[-8.466892256906215,-7.688747041800386,-12.571145126618141])
(3,[0,1,2],[-10.15524253559453,-11.813039818873243,-13.535252855651795])
(3,[0,1,2],[19.63137963340354,19.44007871284761,10.940556106246168])
(3,[0,1,2],[4.209126614715877,1.7567564744741317,-8.880062982663821])
(3,[0,1,2],[-7.803615105069902,-5.893094713917549,-11.974387315371159])
(3,[0,1,2],[0.7155450869882065,-4.164587494687488,-10.13592543247938])
(3,[0,1,2],[-3.373960843450389,-4.1738679640641525,-8.636668795753064])
(3,[0,1,2],[-0.13825107271096812,-0.11496245539087034,-7.199691835668499])
(3,[0,1,2],[-9.483325888177573,-13.794375779731133,-23.61420763088272])
(3,[0,1,2],[-1.3181753537069905,-2.9605930843302457,-18.782637683637287])
(3,[0,1,2],[-9.827228303364235,-14.949901623909472,-14.577661525957991])
(3,[0,1,2],[5.30689605067649,7.745687362664335,6.822221915214658])
(3,[0,1,2],[-11.88399117389776,-14.523996003256379,-21.93178887539524])
(3,[0,1,2],[-3.161333341635344,-7.922270090698277,-11.573991108207187])
(3,[0,1,2],[-18.658227407220952,-16.350797129648523,-21.52272060071608])
(3,[0,1,2],[23.34116106789271,29.83590763158127,26.662676645066465])
(3,[0,1,2],[-12.002258745255322,-17.97802657010715,-21.582520671240548])
(3,[0,1,2],[3.4569387044759683,0.4899787388098713,-9.522260401127056])
(3,[0,1,2],[2.9602392611113792,0.9281691868256103,-3.6579294224453442])
(3,[0,1,2],[-13.535289737627904,-11.229936375802563,-16.241392889342922])
(3,[0,1,2],[-0.9514719227438337,0.7301478114510673,-7.662013444600976])
(3,[0,1,2],[1.1629854262624444,-0.8582333251713278,-11.832425084269518])
(3,[0,1,2],[28.425258736344823,30.377541913073678,27.290871128444])
(3,[0,1,2],[-9.92073605260253,-6.4551812065578975,-15.330466045767489])
(3,[0,1,2],[3.7877277621055607,4.215193429318669,-3.2423067530380845])
(3,[0,1,2],[7.438118903730482,6.845147541933725,-1.9918002063874416])
(3,[0,1,2],[-2.2757109475130273,-5.406770913060548,-14.35982613988988])
(3,[0,1,2],[-4.376114971058993,-5.933124001921841,-11.6527174161162])
(3,[0,1,2],[-10.87734830907934,-16.252616690518458,-21.928089749116282])
(3,[0,1,2],[6.838434317985747,13.08608460579468,9.382976574233535])
(3,[0,1,2],[12.060152994692356,11.988339022343524,13.212168658669189])
(3,[0,1,2],[30.649578125579197,36.93880687094497,31.86433037926463])
(3,[0,1,2],[-15.071852141747655,-22.684256377558306,-30.177026789911956])
(3,[0,1,2],[-7.200439693227353,-13.894289484730283,-19.416213905580015])
(3,[0,1,2],[5.262184505929336,1.6279907782796434,-4.885310263939306])
(3,[0,1,2],[2.928407933063551,-0.39030697397089575,-6.348322430886483])
(3,[0,1,2],[-10.465679751669729,-13.693724175960515,-16.57871388903382])
(3,[0,1,2],[0.12953039497776747,-3.283617633434287,-11.830154740779264])
(3,[0,1,2],[15.501404743363514,17.51317446823342,9.770695037813141])
(3,[0,1,2],[-12.038760316909599,-18.171868317502597,-23.045057476310287])
(3,[0,1,2],[-1.1682207103900026,-4.948453943707721,-19.140593975170514])
(3,[0,1,2],[-4.372717914454806,0.27182446432760105,-8.927560489163477])
(3,[0,1,2],[-9.392358837991292,-11.964882932082382,-15.130723519214218])
(3,[0,1,2],[1.547176910320756,-0.12975718436570555,-8.109229290268575])
(3,[0,1,2],[-8.78340286304923,-15.113639687232324,-18.626826139499304])
(3,[0,1,2],[-5.795333500691799,-8.899650872848085,-9.120196515815394])
(3,[0,1,2],[2.8660866993971297,1.6112539988333876,-11.35985023722199])
(3,[0,1,2],[-1.8394645629925286,3.417834812649714,3.2779463591430167])
(3,[0,1,2],[-3.8353060506076764,-7.432360591339847,-10.10333708533992])
(3,[0,1,2],[13.498196484285284,15.575267572172779,11.283632124360723])
(3,[0,1,2],[-3.372869125577505,-0.7311793563015307,-10.879115494640466])
(3,[0,1,2],[2.5158074952727336,3.2132232656908952,-1.8036964432426834])
(3,[0,1,2],[7.298799667541559,12.921664926968136,7.913530255358619])
(3,[0,1,2],[17.154789677325375,12.352427016251777,8.892486173269234])
(3,[0,1,2],[-3.5841855786799863,-2.3401477886398316,-8.140582019702036])
(3,[0,1,2],[-6.611948332031545,-0.6123602271429025,-9.299494251132906])
(3,[0,1,2],[1.9838112036241227,4.483176549065595,-1.6061350633646765])
(3,[0,1,2],[16.692083636585146,17.257401782470193,11.396858571312674])
(3,[0,1,2],[41.72468742919227,49.46193625805424,39.74114756081911])
(3,[0,1,2],[-15.653740405307717,-18.98064964184713,-19.272476639325163])
(3,[0,1,2],[-0.6493540800849189,-6.535432704446956,-17.4170631299624])
(3,[0,1,2],[5.304843268074855,4.400383746863876,-3.8843266238460283])
(3,[0,1,2],[-12.274581792175193,-13.364511262236839,-17.420978297473805])
(3,[0,1,2],[26.47693712496686,30.757548575266167,25.81441640526522])
(3,[0,1,2],[-13.054043761653446,-19.201223182543547,-21.8657537510515])
(3,[0,1,2],[3.0669835862824018,4.560230711193746,-4.75262459690221])
(3,[0,1,2],[10.43432140020956,12.913048517607017,8.134876876432747])
(3,[0,1,2],[6.04748567441168,5.376642640001156,1.43674893263213])
(3,[0,1,2],[-2.427893452780652,-8.903072636112187,-16.467984758673676])
(3,[0,1,2],[-2.519555375059478,-1.9986691467779987,3.4046241269259747])
(3,[0,1,2],[-0.8266534212152701,-5.527148574750854,-21.64437989998382])
(3,[0,1,2],[17.601609058837656,12.978558500336929,10.075272803081521])
(3,[0,1,2],[-11.031030185630328,-12.071675598289655,-11.859798253166684])
(3,[0,1,2],[7.0560682388514255,4.95040185489229,0.4168798022264645])
(3,[0,1,2],[15.322903120870215,10.835797661695269,7.270866097500805])
(3,[0,1,2],[-10.11608941413931,-7.038845436829726,-14.703597188177394])
(3,[0,1,2],[5.044751466894319,4.768487836403259,-4.597797996078075])
(3,[0,1,2],[19.598655013565164,17.799942373334325,14.81928049374929])
(3,[0,1,2],[15.138474016463249,18.500888482744017,11.10019613463597])
(3,[0,1,2],[9.296430489041624,4.392746203604203,1.7386889685074016])
(3,[0,1,2],[-3.8487603435215014,-3.840101083919082,-9.092739118863529])
(3,[0,1,2],[5.381335110650362,8.311352273091885,-3.687471984682398])
(3,[0,1,2],[-12.262351154333068,-17.483694260136453,-17.829766755237145])
(3,[0,1,2],[7.769205788528023,7.277212445735562,-6.860356966876687])
(3,[0,1,2],[-5.038881639170688,-6.648216160181358,-16.0846653733351])
(3,[0,1,2],[10.60661388117769,5.713656702349484,4.071341721752829])
(3,[0,1,2],[23.678887574308195,26.980019078273273,13.698653069160228])
(3,[0,1,2],[0.4417601973393978,-1.9281965591963295,-11.722190525189168])
(3,[0,1,2],[8.363604856011499,13.136571755461123,1.8739320338000098])
(3,[0,1,2],[15.205214682300179,15.210765634445258,17.93029710491697])
(3,[0,1,2],[16.983051401545893,21.686474437270956,9.269697384022558])
(3,[0,1,2],[19.16046745092192,23.66949059085682,14.185575329101853])
(3,[0,1,2],[1.7052988035422119,-1.676586402664093,-3.9271848997391303])
(3,[0,1,2],[15.230885269525412,14.920805286404402,5.8408576290109915])
(3,[0,1,2],[-1.2678294567539299,-1.5457765501809742,-6.201772704810367])
(3,[0,1,2],[12.42314646308661,14.406249809845484,6.401522136413435])
(3,[0,1,2],[0.8503845707584758,5.300975738337238,-4.666256587839813])
(3,[0,1,2],[9.883821185623834,11.583047924045228,15.047105570093533])
(3,[0,1,2],[1.3310751632269926,-2.852481192956724,-16.441184657730744])
(3,[0,1,2],[22.839035015033872,27.653668752763014,23.30957065395475])
(3,[0,1,2],[0.6764997892175464,4.51627120061425,-0.4540219405106204])
(3,[0,1,2],[5.745785712087445,7.211596424755121,1.6002503278334432])
(3,[0,1,2],[-3.411756265448635,-2.4896452931458857,-19.676538421210083])
(3,[0,1,2],[3.3537196047965754,4.751141476224111,-1.3296391751798735])
(3,[0,1,2],[-1.7334051543282918,-11.324917329078378,-22.947141338317415])
(3,[0,1,2],[10.057285505275633,13.847793264943164,7.557775498239281])
(3,[0,1,2],[36.28418588190527,44.178947203695195,39.93498106868054])
(3,[0,1,2],[1.1017401548251922,-0.6397553323161728,-11.777015327657342])
(3,[0,1,2],[-8.564815349709644,-5.9810235123576545,-6.3005737095214664])
(3,[0,1,2],[0.8734021465753165,0.26503110943323427,-5.251221703743455])
(3,[0,1,2],[21.42968873324626,22.23213630090683,13.334850515787771])
(3,[0,1,2],[-11.723287243804826,-15.634772139799422,-14.339471958831988])
(3,[0,1,2],[7.512869641899735,5.785885343048002,-7.944146792979897])
(3,[0,1,2],[1.246973340728677,-3.8806614151678316,-4.734529990256999])
(3,[0,1,2],[-5.17239098379539,-10.887645596629463,-14.326845202053999])
(3,[0,1,2],[2.716328397133234,1.2022662840925504,-6.719536654319403])
(3,[0,1,2],[8.900508686584246,9.870376070515011,10.783103009184526])
(3,[0,1,2],[-7.144415883385479,-11.442464103154496,-14.39875080200358])
(3,[0,1,2],[2.853763760224924,3.5201537142278894,-8.636034680778383])
(3,[0,1,2],[28.432042603567314,32.32931247740714,30.855466029561793])
(3,[0,1,2],[-4.749606196923402,-5.7152901291784275,-8.780826581679214])
(3,[0,1,2],[6.368160616521884,0.06529878001145448,-3.2386650563337827])
(3,[0,1,2],[-0.6989238369788164,-1.6299207566531817,-8.912137112291807])
(3,[0,1,2],[2.310337522209502,-2.3265494650521896,-2.5670892180122706])
(3,[0,1,2],[1.5349372828688381,4.463409457644532,-0.2588649915887181])
(3,[0,1,2],[-2.7944303568191917,-10.774384683025879,-24.706066634370373])
(3,[0,1,2],[4.964782707077065,1.9763781830073448,-10.5984990596946])
(3,[0,1,2],[-3.997530820061364,-4.931468451750053,-14.52380803955171])
(3,[0,1,2],[6.7919805647173,8.619635704486765,-0.8426266302079312])
(3,[0,1,2],[-9.970234654160082,-7.62863544164845,-16.573165788970886])
(3,[0,1,2],[-5.229179649709856,-7.509096130157506,-13.594919675283023])
(3,[0,1,2],[37.59108354819428,45.38105669138475,40.047440843152536])
(3,[0,1,2],[7.636890767445012,12.109513696985074,-4.855755555381047])
(3,[0,1,2],[-13.853581293994777,-13.890090847253163,-24.955536636266167])
(3,[0,1,2],[-6.349200008468395,-7.1716020687899515,-8.097672122295059])
(3,[0,1,2],[4.759849694771497,4.491253184978902,-10.360595157007578])
(3,[0,1,2],[-2.0247011240712673,-6.491887262643344,-11.759104314499309])
(3,[0,1,2],[11.410602879146742,10.060035157394202,4.343723308056725])
(3,[0,1,2],[0.5811745033944602,-1.9988689069840972,-12.224515100253306])
(3,[0,1,2],[9.341858386652758,6.000558244045418,1.974430429826989])
(3,[0,1,2],[1.485073134102513,-0.323591849891828,-4.431622736636008])
(3,[0,1,2],[15.263046553493094,20.960828671099016,15.366132099938994])
(3,[0,1,2],[-15.446697944931277,-17.823320090316287,-20.794603261884646])
(3,[0,1,2],[26.16541871859614,30.044611949497472,26.822184309769238])
(3,[0,1,2],[-4.526037373117955,-12.123213770031187,-18.884905368593977])
(3,[0,1,2],[43.206830601022695,51.54230823744412,47.8780893825165])
(3,[0,1,2],[2.6161207615311035,5.063915636783717,5.401088813776211])
(3,[0,1,2],[-4.286668580266362,-3.6925646296819763,-8.007910395703718])
(3,[0,1,2],[20.656371974030133,21.27726755694967,16.500632214104286])
(3,[0,1,2],[-3.1238180764796435,1.1826847450734428,-5.367506260112086])
(3,[0,1,2],[-9.993091470770223,-10.849672541828841,-14.823011992241973])
(3,[0,1,2],[-10.954129870718276,-9.981522269422944,-11.547830189424502])
(3,[0,1,2],[-18.74813987644987,-18.191348183883434,-26.43231232389348])
(3,[0,1,2],[1.63548461867027,3.5694990945712552,-2.260047756428111])
(3,[0,1,2],[2.354634455250857,-3.1109398920954416,-3.972972192633576])
(3,[0,1,2],[5.328972137769492,7.523693320695044,-2.331327252486089])
(3,[0,1,2],[1.8095209834104433,3.55385904893446,-2.7767127242715275])
(3,[0,1,2],[0.3665481592836605,-0.7412049345049103,-6.981073445316074])
(3,[0,1,2],[-9.899935517496605,-17.832396406090943,-26.415192466761034])
(3,[0,1,2],[-3.8248188128755354,-2.267904349079404,-6.891607481673685])
(3,[0,1,2],[4.459643374647829,0.7800259201032871,-1.5707082747152596])
(3,[0,1,2],[-4.253501310789119,-8.97654990405792,-12.671199292410964])
(3,[0,1,2],[-11.53985168098184,-10.277869463274213,-11.449781293670611])
(3,[0,1,2],[2.265340901817674,-1.3475527978648696,-9.576316233518297])
(3,[0,1,2],[5.392663278038256,1.9890708333018212,-3.1710068356488015])
(3,[0,1,2],[-7.604006605651728,-2.6951851963772375,-13.52406702088755])
(3,[0,1,2],[-15.92639506782738,-16.54313242691899,-19.57052235387817])
(3,[0,1,2],[-4.277760046117922,2.0167756741844687,-4.04168371079452])
(3,[0,1,2],[-15.30239309253031,-18.193521776609984,-25.06234663785706])
(3,[0,1,2],[-2.3841925287113384,0.36583484998028587,-8.115814412315927])
(3,[0,1,2],[0.7123005557675902,-2.4347601070735703,-4.025180411856091])
(3,[0,1,2],[5.152620244873081,5.638766038296662,1.266392257188942])
(3,[0,1,2],[0.846254732467953,-1.9141398019628126,-15.000795440656955])
(3,[0,1,2],[29.375576823754034,37.08844915476843,30.511503710608036])
(3,[0,1,2],[0.2808351198114961,0.6563508836615111,-15.636273201579696])
(3,[0,1,2],[8.607450614965726,7.236260853005831,0.5557295616879776])
(3,[0,1,2],[-13.290622370492544,-18.390411283179592,-23.923366533569133])
(3,[0,1,2],[-9.356529533320066,-11.377803789155237,-11.880059466565397])
(3,[0,1,2],[-11.916272549108298,-12.018545474562416,-14.012504327439752])
(3,[0,1,2],[-3.0434428185215716,-8.21529762645764,-12.275708879530363])
(3,[0,1,2],[29.668410298078072,36.710827558722634,29.25034686146452])
(3,[0,1,2],[1.9468577121748833,-5.9370050267670145,-9.44152919911186])
(3,[0,1,2],[-15.736815385557778,-14.760589497535886,-23.1650854376663])
(3,[0,1,2],[2.4835130103070115,3.863123154328802,-7.080003215053148])
(3,[0,1,2],[27.231722084418305,26.06466308291624,24.436294861992643])
(3,[0,1,2],[-11.65779545012931,-12.894544070690742,-18.333408121027333])
(3,[0,1,2],[0.9485332479121484,0.016220815796673713,-11.621134607915803])
(3,[0,1,2],[-7.039510536906585,-5.351458085155622,-6.133010796566232])
(3,[0,1,2],[-8.20576405884071,-14.063453852806637,-18.162786052383183])
(3,[0,1,2],[-10.787198662812125,-14.33480381325486,-20.290534017976256])
(3,[0,1,2],[14.913271587083255,12.08909353141518,6.220507534342063])
(3,[0,1,2],[9.391535820727244,8.639239811563536,5.692292776454163])
(3,[0,1,2],[3.2115352217125235,4.764752152970816,-3.7494411362452014])
(3,[0,1,2],[5.7373899211260015,1.1404909376974548,-11.799232458173252])
(3,[0,1,2],[16.471335444035788,16.221945878999197,10.768374604888091])
(3,[0,1,2],[12.817962191153692,18.46415435534793,12.983980697876127])
(3,[0,1,2],[7.848734939484617,8.677095351981166,10.814096259795111])
(3,[0,1,2],[-7.042367197952712,-6.733804043886761,-5.782994646557045])
(3,[0,1,2],[8.761484027801313,10.567215388689045,2.105290634372209])
(3,[0,1,2],[11.526869434761677,11.177927513573369,8.836837093826494])
(3,[0,1,2],[10.084683577691768,13.502008467066357,8.785777995781414])
(3,[0,1,2],[-3.491715525827903,-0.7920255070464429,-4.80371348147597])
(3,[0,1,2],[-17.25266355738569,-22.820212256106185,-26.40640815751156])
(3,[0,1,2],[-12.473503239743502,-6.163923205485599,-12.551129596849126])
(3,[0,1,2],[-7.768724039897981,-3.7410844329695454,-10.8609288564848])
(3,[0,1,2],[4.307149703473781,4.940672205296779,-3.339431454419051])
(3,[0,1,2],[19.92906892015571,21.625453940845734,21.726769059433842])
(3,[0,1,2],[18.97193122650057,21.567866657347587,17.540295141342064])
(3,[0,1,2],[0.24108975475727223,-3.1399938549533157,-6.638294949293062])
(3,[0,1,2],[9.66723349463155,7.866348451902386,-0.7959053990258118])
(3,[0,1,2],[-19.562827308574057,-21.703066998181264,-31.09993967243168])
(3,[0,1,2],[1.5664742163879604,3.6410611522180467,4.75310946298369])
(3,[0,1,2],[-1.7670616698953174,3.1915560893971078,-1.7192311624329304])
(3,[0,1,2],[19.740488705460578,17.234864265728532,11.0566389685779])
(3,[0,1,2],[5.664812110203501,3.615043941649322,-4.572985977854367])
(3,[0,1,2],[7.004628807059603,4.7869774794243405,-5.8158839551189345])
(3,[0,1,2],[-12.271374615541454,-15.164563182832994,-19.842535680672547])
(3,[0,1,2],[-3.4365433536049617,-7.81857669340489,-4.673921156772203])
(3,[0,1,2],[-8.60877534784683,-11.882035540755412,-27.95437627573111])
(3,[0,1,2],[5.43945690491322,1.580033386348296,-13.156476147328778])
(3,[0,1,2],[-4.432564978633826,-10.750318444699786,-14.511966917020944])
(3,[0,1,2],[7.014253731683041,3.536281182565113,-8.387553731246784])
(3,[0,1,2],[11.371370615678593,14.387481002964014,7.980931975286113])
(3,[0,1,2],[4.836325390069252,10.392016719024456,6.956388789424612])
(3,[0,1,2],[6.416375344218678,6.556907025949783,-6.833042798731747])
(3,[0,1,2],[12.615553940834381,9.167108275860073,8.010476844062692])
(3,[0,1,2],[26.090800016788627,25.598141318749093,13.783998105541922])
(3,[0,1,2],[2.237649626815223,-3.0129657837121764,-11.2753951761007])
(3,[0,1,2],[-5.2758038789608985,-8.576046950509982,-12.755493272556857])
(3,[0,1,2],[0.9165135888125779,-0.37474834408600965,-2.8327379714773673])
(3,[0,1,2],[15.800353287204011,13.886992547508306,8.821394156306534])
(3,[0,1,2],[-7.282855274614493,-11.248641349148848,-15.602145467869022])
(3,[0,1,2],[1.6574180014251692,3.0101755151419805,-6.799307927483301])
(3,[0,1,2],[12.252781369057804,11.134741502566907,2.6022683747026134])
(3,[0,1,2],[20.996596824035827,27.224657427200594,17.4754189156426])
(3,[0,1,2],[14.423820779124622,13.168953352247424,12.04714955243479])
(3,[0,1,2],[4.281765992618951,6.278862508198898,-4.368467855100189])
(3,[0,1,2],[0.6090131109112935,0.5772522776417123,-8.130243067117377])
(3,[0,1,2],[2.1473644075989338,6.812397924891963,-8.832766061814997])
(3,[0,1,2],[-17.791690853218277,-24.534614069092378,-24.78754037912922])
(3,[0,1,2],[6.644413388840382,14.340082094109807,3.9046699087407415])
(3,[0,1,2],[-2.9026635620437222,-3.286930132915256,-9.002253152000662])
(3,[0,1,2],[3.5955352014781727,3.3430960707383353,-1.4767557681848986])
(3,[0,1,2],[3.1561523052413887,4.170121593892078,-12.27437746003471])
(3,[0,1,2],[5.88825568026025,4.553212449504871,-1.136208197184048])
(3,[0,1,2],[10.00775426084948,6.677257183384663,-1.9053552741573532])
(3,[0,1,2],[21.342401333939975,23.534628811959475,16.832435861209582])
(3,[0,1,2],[4.769076720271354,-0.38126988152079133,-11.03850152796827])
(3,[0,1,2],[14.417483957007047,12.397278558121833,9.56196011176327])
(3,[0,1,2],[13.673162755279337,11.19609461726864,5.297773112718686])
(3,[0,1,2],[25.955299271369213,28.069220316607993,18.889667281833592])
(3,[0,1,2],[31.9063865921118,40.80701443649272,33.03511185088077])
(3,[0,1,2],[16.308333839013944,13.169364371895849,9.70386757162029])
(3,[0,1,2],[11.755428396111846,11.838086531157668,14.199739439924297])
(3,[0,1,2],[-3.318615516154005,-3.3842785722333963,-12.216428594939133])
(3,[0,1,2],[-14.432366209057982,-15.455973419601266,-24.453183903540875])
(3,[0,1,2],[-4.389846764298004,-5.1503623646113885,-13.456224170077583])
(3,[0,1,2],[22.443636740855872,25.3521853644922,16.8927755937107])
(3,[0,1,2],[-0.5269959298384183,-2.8112195228245698,-7.0235944077753505])
(3,[0,1,2],[-0.21652626711590164,-3.234092925063811,-11.697907773535457])
(3,[0,1,2],[-11.728592070366998,-13.935612888950775,-13.353587651686322])
(3,[0,1,2],[-20.924040127973957,-21.249957965970733,-25.872085234733888])
(3,[0,1,2],[12.731142025767944,10.879536329364557,1.646587435901083])
(3,[0,1,2],[3.8538599932836592,4.662492827854223,-7.423072042206739])
(3,[0,1,2],[0.29794834176489676,3.681779992205705,-1.7921239915522047])
(3,[0,1,2],[15.840788024859096,17.58292567265003,15.219920961678746])
(3,[0,1,2],[-7.420562720250999,-13.33467539350932,-18.18611963343905])
(3,[0,1,2],[0.9072124964610715,-2.269094558138538,-8.200047609763784])
(3,[0,1,2],[0.6426870577236625,2.880443760152425,0.997233533322634])
(3,[0,1,2],[-4.492531603394445,-8.479442585711686,-12.801290907077055])
(3,[0,1,2],[10.69837063601317,12.252985988056768,6.990200785361103])
(3,[0,1,2],[-3.6441015994492436,-9.379955969181845,-15.85575046789637])
(3,[0,1,2],[17.64862246813946,13.896683493694688,9.313638798802696])
(3,[0,1,2],[-11.165571046539583,-10.85193168558315,-17.508870506299285])
(3,[0,1,2],[-3.8314901840082536,-11.021036498531343,-12.73908310080529])
(3,[0,1,2],[9.468282038298723,13.712951286165708,6.442347066439956])
(3,[0,1,2],[-9.68621355755207,-1.2464840816178078,-13.211386882898577])
(3,[0,1,2],[3.8746119803511565,4.228978095466256,-9.053380318744994])
(3,[0,1,2],[-6.4182918211482685,-2.0808370468341684,-3.389472553727639])
(3,[0,1,2],[4.7848438899996975,2.2977800504837353,-11.739870168173601])
(3,[0,1,2],[-1.375462322273574,-1.2391677355569635,-12.710095520987696])
(3,[0,1,2],[26.157337907123896,29.530304796644284,22.9188159476319])
(3,[0,1,2],[2.0815472967833357,-0.6139973050768506,-5.623094581622618])
(3,[0,1,2],[27.60062439648573,29.997298479613242,25.499978604492163])
(3,[0,1,2],[11.25424498518746,12.271917851816319,10.279429475326795])
(3,[0,1,2],[3.041115499158261,-2.1118479008546265,-5.481473284846622])
(3,[0,1,2],[2.799238201038058,-3.222805486293554,-7.345025453414827])
(3,[0,1,2],[-13.034678892022885,-17.015219909961885,-19.53186795208003])
(3,[0,1,2],[-8.290578411248468,-9.617469796768855,-10.89040467766719])
(3,[0,1,2],[4.823812499345636,7.858389932543602,3.3321835866467917])
(3,[0,1,2],[6.33472871832898,2.384062583746452,-4.907013437235661])
(3,[0,1,2],[-2.136718128299558,5.5172284024580724,-4.484339562963858])
(3,[0,1,2],[1.056680958983568,-0.8656200341909857,-11.50460378037215])
(3,[0,1,2],[0.6893853182763797,-5.206069285653605,-9.559285630977538])
(3,[0,1,2],[9.594319020471838,10.807225201881746,5.146613329793025])
(3,[0,1,2],[-18.788061556359963,-21.58540714419946,-26.656122359578635])
(3,[0,1,2],[2.7305932066596954,-2.1452152129295516,-9.543282578227355])
(3,[0,1,2],[4.454310339537366,5.4094240843343036,-0.020460999648972966])
(3,[0,1,2],[-1.915762629861943,-3.1337032994409064,-11.3277601107671])
(3,[0,1,2],[19.581783455421757,25.01378502254185,17.18072379315485])
(3,[0,1,2],[-7.031964561216151,-13.758604667941675,-18.274318889499025])
(3,[0,1,2],[0.08776399127749629,-4.4878500480475605,-4.373373999252458])
(3,[0,1,2],[-10.336104846295909,-15.317188704884497,-19.812607358736983])
(3,[0,1,2],[5.967550993728075,4.570958454495063,7.481606369002285])
(3,[0,1,2],[4.003532197395387,-0.6568741200779398,-4.808100227949745])
(3,[0,1,2],[3.2167490910648002,2.440096959371597,-2.5826032276489417])
(3,[0,1,2],[-15.705878795692765,-23.474071930740756,-27.131239353033983])
(3,[0,1,2],[-9.613422088839084,-3.3183808464957703,-9.720370962141546])
(3,[0,1,2],[5.395678861524398,1.465555604665696,-11.282154890486696])
(3,[0,1,2],[11.572658151639951,9.510689271101025,1.1543212380066792])
(3,[0,1,2],[-3.520244136568593,-6.4981206863221805,-20.455557649051567])
(3,[0,1,2],[1.39913959992034,-2.3231793468022026,-7.465961013754165])
(3,[0,1,2],[-16.563480682539524,-24.653895199536855,-20.35797671591543])
(3,[0,1,2],[-13.78278259079296,-19.788126672030035,-18.292211625272778])
(3,[0,1,2],[-6.075964758132296,-9.902941532142462,-12.775182681167667])
(3,[0,1,2],[31.3448690501928,37.86328951643391,27.374712851674886])
(3,[0,1,2],[-9.306727133239203,-15.695734478070687,-19.713685079325522])
(3,[0,1,2],[-2.221521914944267,-2.7378662209769535,-7.292310745202873])
(3,[0,1,2],[20.702552094090127,19.631480009143964,19.694304293329793])
(3,[0,1,2],[-18.158057929902775,-20.482045293216547,-23.38550631592675])
(3,[0,1,2],[-2.6094401141466546,-5.104320899703697,-11.289737701092129])
(3,[0,1,2],[-10.88636329890973,-13.469685312782289,-18.40049718932553])
(3,[0,1,2],[-0.12078766542941599,-4.1326635465745385,-12.050081325462033])
(3,[0,1,2],[17.611822357414695,17.87807034720109,20.54751093930338])
(3,[0,1,2],[-22.049423535195764,-25.053241076749654,-21.581434571446337])
(3,[0,1,2],[0.06720693832774985,-0.3869413585962259,-10.05952280388438])
(3,[0,1,2],[-3.2785248960457287,-4.649503066599794,-9.013783168670601])
(3,[0,1,2],[0.5724895311907789,-0.3002728999724794,-9.782799992566755])
(3,[0,1,2],[1.6888291303136942,-0.04907075788937887,-13.690622147107577])
(3,[0,1,2],[9.541356337519328,12.628041406688972,6.088999215670022])
(3,[0,1,2],[-10.00132594297717,-13.078268792212842,-20.242028719204786])
(3,[0,1,2],[-11.482070772565043,-13.011813566375332,-16.768154831218393])
(3,[0,1,2],[1.980978316544788,-0.9121260457862266,-7.2452410500171185])
(3,[0,1,2],[4.182480106354806,5.608432637615367,0.6961847203913623])
(3,[0,1,2],[8.306348557366382,3.5676451149339106,2.63781141984011])
(3,[0,1,2],[2.7597272708545644,-2.6803013390596275,-6.621172758884151])
(3,[0,1,2],[1.7055675932048802,3.5201310627026983,-1.8571195449822167])
(3,[0,1,2],[4.429910000125501,5.69408317044464,-4.812881120177349])
(3,[0,1,2],[-2.4098224982174385,-0.7880053400317178,-2.7376085848354252])
(3,[0,1,2],[5.617238129654422,2.71684870564732,-4.6019797977114605])
(3,[0,1,2],[-9.647510950227314,-4.476180225877214,-10.189525278969631])
(3,[0,1,2],[0.04813067265680193,-0.4728696556710337,-10.194344456146565])
(3,[0,1,2],[25.94345153555502,28.785226852070657,22.001422162448186])
(3,[0,1,2],[6.55077245990301,9.253928257037504,5.205444950891812])
(3,[0,1,2],[0.31119518975115795,2.082294210816995,-6.427033734939228])
(3,[0,1,2],[7.132170191062892,1.9806988709492686,1.446754919038966])
(3,[0,1,2],[3.704683163390587,6.95490203704645,-7.327504413813622])
(3,[0,1,2],[3.526163158740491,5.64228157383309,4.510657340251496])
(3,[0,1,2],[-14.89765078901943,-19.421860150350067,-22.301071846534548])
(3,[0,1,2],[-6.558174995402183,-8.93015646560821,-11.034659664089217])
(3,[0,1,2],[5.849695729806224,4.713781713921137,1.9320797906057785])
(3,[0,1,2],[5.8130564510207385,5.733804846808314,8.597033803749673])
(3,[0,1,2],[-0.07965900801098502,0.4120720187646703,-5.857592973485136])
(3,[0,1,2],[1.3943114703828794,-0.10992053339566318,-11.738647546052405])
(3,[0,1,2],[14.626608157683037,17.055004942347434,17.76939550481144])
(3,[0,1,2],[9.355793325451229,11.658335063325836,8.954525861213334])
(3,[0,1,2],[22.04441751860439,27.030782789837335,22.193994634333635])
(3,[0,1,2],[8.924390645702656,12.315224062004209,5.038186556921289])
(3,[0,1,2],[1.027309396529426,1.3834775608853085,0.3601914300352218])
(3,[0,1,2],[0.15824285133899574,-4.564851872624839,-13.458336603891063])
(3,[0,1,2],[7.929309232303968,7.151221442072961,-0.37184799696581083])
(3,[0,1,2],[23.85384263751808,26.174205146152634,21.052067084807362])
(3,[0,1,2],[-0.33545522650304593,-5.059085866285306,-8.516809691696135])
(3,[0,1,2],[12.570122449263971,12.026723663009648,2.6159392246911186])
(3,[0,1,2],[13.116145694020984,11.1939153995284,6.518582337910616])
(3,[0,1,2],[10.048319653801354,10.529398342424914,6.074988790765468])
(3,[0,1,2],[2.5489169109541643,1.799844063454871,-3.049098180784228])
(3,[0,1,2],[-10.814449469907572,-15.097470397399476,-18.816869258449515])
(3,[0,1,2],[3.8774067229831837,1.184055151503573,-2.744867327365864])
(3,[0,1,2],[-9.462054644513817,-12.26394185447533,-11.793669002663755])
(3,[0,1,2],[6.937586178016116,4.747869715045339,-9.195461062092386])
(3,[0,1,2],[27.009329528184587,27.787667292336266,26.09472346036116])
(3,[0,1,2],[19.87127915204252,22.100643130561075,16.25788986645037])
(3,[0,1,2],[-12.10212026530638,-13.398359613775659,-14.434495625336057])
(3,[0,1,2],[3.862755235507063,2.1740779400171713,-8.778393370423979])
(3,[0,1,2],[-7.666271719369767,-13.021643665718395,-21.18804663760545])
(3,[0,1,2],[7.797249826467939,2.68183598908214,-1.8883051176091878])
(3,[0,1,2],[11.0494109438199,13.184089286285175,6.0539334529526885])
(3,[0,1,2],[-5.300302364643464,-8.254855189747671,-8.029641808033547])
(3,[0,1,2],[-0.7107683787738659,-0.2657663698844614,-5.192805327939923])
(3,[0,1,2],[-14.590334184676856,-17.373865547273294,-21.48375389684319])
(3,[0,1,2],[0.34655319443043536,-2.4000693551349057,-8.166427734603186])
(3,[0,1,2],[4.134858699848963,3.8403039111665516,-4.302400397911776])
(3,[0,1,2],[18.13905291184102,21.113155250642027,16.488985737139583])
(3,[0,1,2],[-3.2904096591785668,-5.860280775232876,-13.531171827100268])
(3,[0,1,2],[-1.767367162954733,-6.353031853104244,-18.006472902263738])
(3,[0,1,2],[-4.960541418073862,0.6742479486567107,-5.399211334776356])
(3,[0,1,2],[-9.735615799274976,-7.680968532451947,-8.653433623738417])
(3,[0,1,2],[2.051152286056856,1.6745582139360629,-2.4957024602259654])
(3,[0,1,2],[-7.674867298636989,-9.105450194403016,-14.16112198917049])
(3,[0,1,2],[10.151212492302417,15.353207397397801,11.52495439447682])
(3,[0,1,2],[-3.184960683580562,-3.5235049967176537,-2.788574599710393])
(3,[0,1,2],[1.550316141625199,2.36764780189111,-4.393471895680485])
(3,[0,1,2],[5.129729617998855,4.104559469959158,-12.860877695807742])
(3,[0,1,2],[4.245423675765123,2.916093230040323,-2.2240507354041905])
(3,[0,1,2],[2.256966376322634,0.7846505390055647,-13.39923618052538])
(3,[0,1,2],[19.23827280861558,21.15439997894018,11.055237545781612])
(3,[0,1,2],[4.7271238295620766,7.480086078406614,4.561098973068357])
(3,[0,1,2],[14.593425339837914,18.97586733464267,11.463763076054535])
(3,[0,1,2],[23.13649685591408,27.76363749519699,21.95673638077907])
(3,[0,1,2],[-10.190076881618847,-14.813204140303705,-14.528755055440953])
(3,[0,1,2],[21.1082647584701,29.251209486249877,22.34643889156741])
(3,[0,1,2],[0.24297609420359348,1.4695300110084628,-8.340272387737324])
(3,[0,1,2],[6.665440043110216,3.731181886063056,-6.188041781590703])
(3,[0,1,2],[10.069049263316435,9.126803763966349,9.516750423618873])
(3,[0,1,2],[0.4807312145084095,-2.3116102785244443,-8.987534486001394])
(3,[0,1,2],[2.017645839782497,-1.039499861430072,-7.020288061265354])
(3,[0,1,2],[5.639769295837486,5.122689199300127,1.1971457823744556])
(3,[0,1,2],[7.568845889341795,5.609464908369762,-1.656219133745914])
(3,[0,1,2],[4.5420526138245405,2.7557419460044597,1.7982420253714517])
(3,[0,1,2],[4.125266288313689,2.744613507038572,-3.983808467179664])
(3,[0,1,2],[-3.6116482616466525,-6.674941731944248,-12.353227524318058])
(3,[0,1,2],[0.8451338525382994,-0.9720046857964677,-3.3813999593194173])
(3,[0,1,2],[-0.24669436848142062,-0.8169735312067116,-10.811327376971288])
(3,[0,1,2],[-6.579358829388193,-5.135512867902158,-8.473604317038776])
(3,[0,1,2],[21.59204309407966,23.27226528794854,7.728202601782929])
(3,[0,1,2],[-2.5025001578764945,-8.029275766200037,-12.496226613122857])
(3,[0,1,2],[28.20397024180612,27.566773220533868,21.346382497412016])
(3,[0,1,2],[-1.5413548360585494,-4.102225750748925,-11.187148115014514])
(3,[0,1,2],[10.716848968582813,8.00729157463931,1.8679759014139279])
(3,[0,1,2],[10.887602449903197,13.288773245185721,10.965104714136588])
(3,[0,1,2],[4.4372390165672275,6.460052561431443,-5.060840477559701])
(3,[0,1,2],[7.460426674458503,5.669149735936509,1.4997048176237922])
(3,[0,1,2],[-10.141412285841813,-11.990707176680576,-14.495636976307031])
(3,[0,1,2],[-1.250827306445968,2.333498643727311,-4.1964232183843935])
(3,[0,1,2],[-9.730710987531195,-5.4633098583001205,-5.8560848578791695])
(3,[0,1,2],[-6.961167339716121,-10.380417011192462,-15.551296789006935])
(3,[0,1,2],[18.029902802624434,22.483680451087096,16.729872803232034])
(3,[0,1,2],[-13.180083380356063,-15.463837694558642,-17.4672481623428])
(3,[0,1,2],[6.517271700206114,5.264181025721514,-9.416125081911913])
(3,[0,1,2],[-1.5462131426010837,1.7803727694717273,-1.6261897828643974])
(3,[0,1,2],[4.058764354273242,5.012939417222199,0.21886716172087384])
(3,[0,1,2],[2.2913508897850603,-1.6275122179268526,-12.719004543792158])
(3,[0,1,2],[2.218441106497128,4.157792536801094,-5.195642966162993])
(3,[0,1,2],[-7.004566034621839,-5.237980281124714,-13.19305133981441])
(3,[0,1,2],[20.900487603010248,24.396995263160328,25.176229194138834])
(3,[0,1,2],[4.599515927123861,2.135638081775302,-5.1041093932188755])
(3,[0,1,2],[10.083065173967949,9.374031568507274,4.665508853588094])
(3,[0,1,2],[13.384602476454404,11.857120361687814,7.451595419169192])
(3,[0,1,2],[-0.18132386273573037,-3.478796658684856,-10.377335721206041])
(3,[0,1,2],[-13.270503375993947,-18.394746037282186,-21.588382500594186])
(3,[0,1,2],[0.7975866360637185,0.1477141335553099,-2.2910740102525486])
(3,[0,1,2],[1.5055328973713846,-0.9620315206435093,-10.795454952683125])
(3,[0,1,2],[28.835488231417223,34.66431505525759,27.820300105563383])
(3,[0,1,2],[16.317917037900294,17.555006717643163,12.845339514562404])
(3,[0,1,2],[26.653162866861567,33.45456368302616,29.39053152684184])
(3,[0,1,2],[3.6814098127723636,3.500953501589702,-3.8243187679086805])
(3,[0,1,2],[-1.869312353916907,-8.20384566688263,-24.78701948494583])
(3,[0,1,2],[-0.04527506175196849,-1.291437204783411,-9.186407021548304])
(3,[0,1,2],[-8.246274471377676,-10.95948944664042,-19.719010550475492])
(3,[0,1,2],[-2.2417732524538696,2.71829856467921,-4.997245253082485])
(3,[0,1,2],[-0.7295972405875661,-0.3308615273797755,-4.757511728265178])
(3,[0,1,2],[0.28330535916619404,-1.9681492360880606,-12.926311617696939])
(3,[0,1,2],[6.976457568728375,9.488353184684014,1.73650452158816])
(3,[0,1,2],[-6.924074799020323,-10.925631943249762,-16.134321766251407])
(3,[0,1,2],[2.658609879204747,-0.04612723806825181,-8.559780953281454])
(3,[0,1,2],[14.246381496239433,14.417576997175567,7.236339411090955])
(3,[0,1,2],[5.132807893461556,4.056302044726994,-5.7709920454551344])
(3,[0,1,2],[4.249040338239036,1.6233764009354485,-3.191769579546536])
(3,[0,1,2],[16.352488929921126,13.82877378891261,12.523493570923772])
(3,[0,1,2],[-0.6811267506283343,-1.7396826495851005,-8.083904081837886])
(3,[0,1,2],[-1.0830304321718045,-1.8742962898665332,-5.389471067331725])
(3,[0,1,2],[-6.577163922726045,-9.874027267601132,-11.09962846761237])
(3,[0,1,2],[-20.144812603583045,-24.957750340479233,-25.31741206266521])
(3,[0,1,2],[8.020408737516693,3.3770901469360606,3.6100243925167983])
(3,[0,1,2],[17.194831776942895,19.237551617744415,11.674571867881678])
(3,[0,1,2],[-8.60144638405421,-10.367802844204448,-15.065101162940579])
(3,[0,1,2],[3.3084365752474465,-5.080118205642165,-11.776423984205996])
(3,[0,1,2],[2.986970159101384,1.5691369858183135,-3.3094609233816756])
(3,[0,1,2],[-1.4271059630307579,-5.19075020495812,-16.063307483322777])
(3,[0,1,2],[-10.833912502693758,-16.281032516237694,-20.693087009765406])
(3,[0,1,2],[14.04846382095676,16.446218883881624,14.175004824289536])
(3,[0,1,2],[-12.593832350031374,-15.658950945450634,-18.02545954032682])
(3,[0,1,2],[-14.325021473146498,-9.858922121048964,-17.311393833693156])
(3,[0,1,2],[2.4577298259519003,4.01008710344872,-8.422621805829806])
(3,[0,1,2],[9.413316011528375,9.504164045535939,7.364494968084268])
(3,[0,1,2],[18.313439778569315,20.967574003329254,15.618548929014551])
(3,[0,1,2],[-14.43838733537635,-19.168516719730157,-23.925925218203453])
(3,[0,1,2],[3.938576647010332,4.73267472803082,-0.930821019889511])
(3,[0,1,2],[-1.6214193350752033,-5.264060426744304,-15.989885819277085])
(3,[0,1,2],[-1.7759645166551457,-9.506667649125985,-7.516778321155677])
(3,[0,1,2],[-13.035952059473239,-16.031635805299715,-17.97595094354853])
(3,[0,1,2],[12.458544599867201,11.746572107205651,2.521894770416169])
(3,[0,1,2],[-10.84699063324247,-16.238934749513213,-15.594453626129766])
(3,[0,1,2],[0.10500587496853345,-2.179079185127468,-9.269088638987927])
(3,[0,1,2],[4.856990374205526,6.429105312744128,-5.380177292447365])
(3,[0,1,2],[7.7474765517749695,14.395576434950307,4.642158883448759])
(3,[0,1,2],[-6.3815776498164025,-4.683613587817849,-10.746600948676878])
(3,[0,1,2],[-0.9511783590408172,-3.8025976098709884,-14.457561676087826])
(3,[0,1,2],[-10.291280894880359,-13.726411246267995,-22.149281294706686])
(3,[0,1,2],[8.693974716878694,12.077008491024747,5.350353539746058])
(3,[0,1,2],[-0.12967620046104564,-3.147017591356981,-11.377788697569722])
(3,[0,1,2],[37.90854974787979,44.072255764215654,38.04033375031397])
(3,[0,1,2],[2.8858210196077017,2.9864458087239054,-9.234285234618962])
(3,[0,1,2],[-7.525368154123794,-12.313270012301356,-15.432744701296695])
(3,[0,1,2],[10.913390892223916,8.641203003912027,6.232251517644481])
(3,[0,1,2],[8.534492015175186,11.142098918971758,-0.8501086508466373])
(3,[0,1,2],[-3.8050710410314763,-2.4489244848154916,-8.839784132722363])
(3,[0,1,2],[-14.485654084147166,-15.23829842187623,-15.431920757492113])
(3,[0,1,2],[4.650164537150627,-0.8441898389893481,-8.7707793387859])
(3,[0,1,2],[-4.5944624640289895,-3.35248097441169,-11.920802964709793])
(3,[0,1,2],[-6.4564015464526205,-4.962217834975736,-9.212984511660729])
(3,[0,1,2],[21.01953078869251,20.24267330904404,12.342079923445564])
(3,[0,1,2],[0.25026493438978414,6.110143167268889,2.154992070644101])
(3,[0,1,2],[9.922639940267192,11.961654535261077,11.126754339583153])
(3,[0,1,2],[-8.480660316754813,-12.882403511995905,-16.458037283327855])
(3,[0,1,2],[-11.067385965285393,-13.281258263326611,-18.714406898492264])
(3,[0,1,2],[4.856599263529475,8.541916211253945,2.1238981349455237])
(3,[0,1,2],[15.317972814196267,15.4914835457274,4.582299698268859])
(3,[0,1,2],[-9.049550128435502,-14.397400723917249,-19.383659772407736])
(3,[0,1,2],[-7.967611524453782,-8.119032693201888,-10.68603769831858])
(3,[0,1,2],[9.830141110810073,12.993196631887919,1.7235866215710542])
(3,[0,1,2],[4.088127338390359,5.256464179837694,1.573878067568686])
(3,[0,1,2],[25.47218320486863,29.70953526033368,22.272644870219995])
(3,[0,1,2],[16.395669471746668,16.249239923762183,9.559735032373405])
(3,[0,1,2],[-3.647052084426158,-9.710615788548445,-14.646892778847834])
(3,[0,1,2],[1.7371920039950424,4.481728928297332,-5.572000023820007])
(3,[0,1,2],[7.843931915567685,9.712220779807332,5.214179722265321])
(3,[0,1,2],[-16.32790258097027,-13.963911362490723,-18.925098762925767])
(3,[0,1,2],[-1.3062755473848686,-7.671679110228333,-10.505972096603596])
(3,[0,1,2],[1.4420333191086931,-3.353529170146974,-13.274063615981849])
(3,[0,1,2],[2.3535217650522817,2.826965022005492,2.1395596085676525])
(3,[0,1,2],[23.718786344685803,29.46009449805353,24.205087027899772])
(3,[0,1,2],[14.636409388543386,14.209132743063847,7.296467824462942])
(3,[0,1,2],[4.072545564694112,6.098675979323401,2.676242102767337])
(3,[0,1,2],[-7.454519050739475,-6.317460743844139,-12.939909450121487])
(3,[0,1,2],[3.6444150474524664,8.408982140081768,1.1247871370664586])
(3,[0,1,2],[3.4156305340228834,2.2354569541543414,-1.297148845401432])
(3,[0,1,2],[9.758894359003971,7.681415996533882,-0.6730314769703022])
(3,[0,1,2],[10.810846834105172,12.49394747713066,9.247535356597583])
(3,[0,1,2],[27.35728382675525,31.352974830105953,28.373016197846514])
(3,[0,1,2],[-2.7385024814929677,-3.5006912726927544,-13.77570742294039])
(3,[0,1,2],[12.876081838450515,6.887385648572074,10.252346899424934])
(3,[0,1,2],[-6.212442631292414,-9.219897588870573,-10.98612703989411])
(3,[0,1,2],[-13.89295603648521,-11.910256007834334,-19.755093733504594])
(3,[0,1,2],[-7.9170574002287335,-4.780024517646929,-8.928625997955931])
(3,[0,1,2],[-5.156439431983017,-7.640056705822211,-11.29631575410752])
(3,[0,1,2],[-2.0467517691027663,5.163874216497592,-1.7262157296158094])
(3,[0,1,2],[-5.9091186712568025,-11.004315367597139,-18.454955203985524])
(3,[0,1,2],[-11.008337918742853,-9.579396216157896,-15.912747155435051])
(3,[0,1,2],[0.5664137882625426,-5.420986940374505,-12.50770081979316])
(3,[0,1,2],[4.4015850736326705,5.9341889303142645,-3.4297225420295416])
(3,[0,1,2],[-0.16336987365498268,-4.373205706658917,-8.958663441477203])
(3,[0,1,2],[-1.4193092341016607,-4.890443471097061,-4.224439240269173])
(3,[0,1,2],[16.29349327659545,17.093237170480553,9.44291549989308])
(3,[0,1,2],[-0.7960718152409334,-5.730785041619713,-14.205321575984218])
(3,[0,1,2],[5.237627349186825,1.1088801664385874,-4.702214623623372])
(3,[0,1,2],[-0.43919991748378595,-6.835002038627266,-14.064953574818423])
(3,[0,1,2],[4.08887643309178,13.953941363460487,8.532594380468904])
(3,[0,1,2],[7.265562341770941,12.816426332278127,11.094822717102334])
(3,[0,1,2],[-3.2168956857105515,-3.080665188359416,-11.765537494712687])
(3,[0,1,2],[16.63881914055965,12.646201316534576,7.984369449712753])
(3,[0,1,2],[-7.684223942091221,-4.757684460755841,-7.201969382361344])
(3,[0,1,2],[0.9111348426491634,0.9394193915540792,-12.795361114135972])
(3,[0,1,2],[13.826207492931914,6.797758315924602,5.115599406721345])
(3,[0,1,2],[4.403439879209257,2.643263862464919,-6.453123743523516])
(3,[0,1,2],[7.231254513182256,3.094439907096392,-0.7708808040003419])
(3,[0,1,2],[2.1816135541780737,-0.5340240429198843,-4.570052052663318])
(3,[0,1,2],[11.992717134368336,13.399881242316638,8.952280294589823])
(3,[0,1,2],[1.9661744345955623,2.6303809011486874,-5.9231136825459325])
(3,[0,1,2],[9.882340555280207,8.87069105291908,1.8669433737516776])
(3,[0,1,2],[4.680304662510268,3.0369739724070195,-5.1231394324705715])
(3,[0,1,2],[-10.286465861690942,-10.081027321130206,-14.21973663075434])
(3,[0,1,2],[-8.913095237866099,-11.975105004621675,-16.630172248516924])
(3,[0,1,2],[5.044671525764112,-0.6698871211247539,-7.50968900070212])
(3,[0,1,2],[3.072964541827581,2.4845872086821794,-0.6454926634475151])
(3,[0,1,2],[4.341971732733601,5.156775521497114,-2.3823156691300476])
(3,[0,1,2],[-2.910286103752181,-7.366683052299647,-13.478538531134422])
(3,[0,1,2],[2.3087355480585217,2.4868644630999652,-12.300291180823876])
(3,[0,1,2],[2.9093396207912083,0.6828814362541975,-10.357351736928548])
(3,[0,1,2],[1.8606328940720709,-4.1662119296632945,-8.903579859850664])
(3,[0,1,2],[14.523478083620649,18.023642664412314,15.964717722509084])
(3,[0,1,2],[6.355115018148337,6.708733345334016,0.938370369976096])
(3,[0,1,2],[3.671456139077204,7.21377052946163,2.5515023394629175])
(3,[0,1,2],[12.717168180993733,13.983825268079109,2.6214773249240655])
(3,[0,1,2],[11.108622069534274,13.087826252389327,8.227594673680905])
(3,[0,1,2],[11.25785465339804,12.294677093115098,11.282168617258819])
(3,[0,1,2],[-15.697223475175736,-11.096723407707572,-20.094058083326736])
(3,[0,1,2],[-12.675931556463116,-19.632408290284367,-22.057441272237803])
(3,[0,1,2],[1.828196458679734,-1.341223368288666,-9.212459942931101])
(3,[0,1,2],[-3.0646851684889627,-6.701968800448628,-20.86805890488968])
(3,[0,1,2],[4.14844011241867,2.107907024202179,-2.6175936699773303])
(3,[0,1,2],[34.361049092692426,42.03219640788492,37.11614203188594])
(3,[0,1,2],[4.64429231798867,5.606952543372358,-4.376903420421167])
(3,[0,1,2],[9.769028337195147,8.57293799323727,3.465191551781853])
(3,[0,1,2],[4.076741034891418,5.1505129783928645,2.3104223883229023])
(3,[0,1,2],[-7.543236421598455,-11.065788091249146,-15.234865183182484])
(3,[0,1,2],[2.445462557400208,4.11885023245722,-3.1408720491240687])
(3,[0,1,2],[33.76664440377702,43.84893265529732,30.14503228122209])
(3,[0,1,2],[0.510739810007604,0.8984326636725297,-8.276701854706051])
(3,[0,1,2],[-19.339114905075476,-27.33705504457192,-22.929485821870973])
(3,[0,1,2],[-4.4015809579901894,-5.777236722744648,-8.242486954140015])
(3,[0,1,2],[4.100807289404441,-0.12706441847630667,-7.669819261282295])
(3,[0,1,2],[12.322912068815429,13.590231844671472,14.11677710998419])
(3,[0,1,2],[-7.304834092846538,-10.476127402043193,-15.18325709718118])
(3,[0,1,2],[8.926142090454215,3.5246588077748697,-0.522694397307464])
(3,[0,1,2],[-13.818762423608433,-15.294255413777186,-20.56246138282483])
(3,[0,1,2],[-3.8745142333164715,-5.534232260698623,-3.8537740432515966])
(3,[0,1,2],[3.6665373989495182,3.352591532745455,-8.536304707173137])
(3,[0,1,2],[3.3963483700098203,-2.17013164921724,-8.696852282287582])
(3,[0,1,2],[7.0571108123464,0.29020400653941714,-3.0204098763737135])
(3,[0,1,2],[9.897333549162049,10.246345888307442,12.351718284151413])
(3,[0,1,2],[-4.677500840783407,-6.797991734396032,-16.254628106336423])
(3,[0,1,2],[3.491370454262982,6.918262775758867,5.35518271689881])
(3,[0,1,2],[3.0977907875113173,0.4826429029394096,-11.217640011972227])
(3,[0,1,2],[-0.13199393691122496,-6.260431812435728,-8.407253012670628])
(3,[0,1,2],[-1.158389761335977,-2.2473817451870506,-15.275627885987122])
(3,[0,1,2],[23.30298220794955,23.06181149859785,11.14315584205857])
(3,[0,1,2],[11.740201380435304,14.560193242646415,14.428738004771345])
(3,[0,1,2],[2.9485472629147136,9.627820822700809,7.23905401884862])
(3,[0,1,2],[3.085631522170975,3.5821680697437275,-13.122735794032282])
(3,[0,1,2],[20.339384906467355,27.410465903373666,18.55451625063173])
(3,[0,1,2],[4.637843014442495,2.9787502001181454,-4.298337145436694])
(3,[0,1,2],[-6.684073933067628,-7.856413645068111,-12.862478117835817])
(3,[0,1,2],[-6.338768719205086,-8.078598306691024,-9.098937321123667])
(3,[0,1,2],[18.716611710048333,12.286468815224872,11.932108096540283])
(3,[0,1,2],[-8.167565369396021,-4.879841024583159,-10.134387506901794])
(3,[0,1,2],[18.868145371117926,21.931314167359872,11.599835290838532])
(3,[0,1,2],[5.0313485956312105,13.005151126472468,10.454542574980547])
(3,[0,1,2],[-8.175595180907957,-11.986529426673485,-16.070684245165])
(3,[0,1,2],[-22.868844726064566,-28.790805057258833,-29.058872878040614])
(3,[0,1,2],[-15.115577695192894,-17.05857246692452,-12.77631738561666])
(3,[0,1,2],[-7.824702827985192,-8.719001600060798,-11.936354247381765])
(3,[0,1,2],[2.2422134671628062,4.908183389723975,-4.524532708732124])
(3,[0,1,2],[-0.6822761533886682,-8.498700075901324,-12.312675513704336])
(3,[0,1,2],[20.79106562358345,20.396906115264983,19.5634404995892])
(3,[0,1,2],[7.418247872907667,9.594531870205016,6.440435961037895])
(3,[0,1,2],[2.025826738480414,4.725136840221371,-2.6349657238899438])
(3,[0,1,2],[2.9500848044664316,-2.6784711001555364,-9.52560921618346])
(3,[0,1,2],[2.5647116362508697,4.080995197911553,-2.965193552701401])
(3,[0,1,2],[18.415748511117393,20.62638767790428,17.734967530167253])
(3,[0,1,2],[8.156573813467872,18.846473596420573,12.13071093389583])
(3,[0,1,2],[0.8806219894341856,-2.763211518052125,-13.601112357621734])
(3,[0,1,2],[12.119886670006776,12.02893132306776,7.580014179451993])
(3,[0,1,2],[5.955401598471314,8.114119116519898,-3.0578005680915186])
(3,[0,1,2],[-6.81136045060836,-8.122111356388949,-13.110152178152504])
(3,[0,1,2],[-8.863410523984028,-15.128854684829035,-19.865047163353253])
(3,[0,1,2],[-14.44801593439241,-13.879577094511799,-20.96915864492213])
(3,[0,1,2],[2.501815168038891,3.301942769380765,-2.084824100428548])
(3,[0,1,2],[-8.278854650768416,-10.906716285118758,-16.8507708195619])
(3,[0,1,2],[3.644167474372526,0.32073352454218673,-10.191601884824209])
(3,[0,1,2],[-7.433404853785453,-9.493649564335763,-11.296542435966009])
(3,[0,1,2],[23.192189519065472,29.852473272738326,21.00325179824504])
(3,[0,1,2],[27.40189617879048,35.05144212417869,30.94228264581536])
(3,[0,1,2],[8.59702578264257,3.5241669357223553,-1.5854928109182387])
(3,[0,1,2],[7.1241144544339825,7.608250727509952,-2.2968469762426036])
(3,[0,1,2],[17.272328813910836,21.750285501324264,12.387435914486495])
(3,[0,1,2],[-1.6712718492440257,-1.0373494128803227,-9.727415644768827])
(3,[0,1,2],[0.6152424460984953,-0.5903220631386056,-4.086246971966464])
(3,[0,1,2],[-0.645137947071146,-2.576162676610819,-6.642256031847587])
(3,[0,1,2],[1.5423086918579796,0.455022451642367,-10.901124569515426])
(3,[0,1,2],[-17.367561210605015,-16.137810557012102,-24.32409631407862])
(3,[0,1,2],[19.42352136591897,18.96990919050564,11.239775761092588])
(3,[0,1,2],[24.52668133048589,31.485585672080894,22.75637126489433])
(3,[0,1,2],[4.1948824724375715,6.315547478180333,-5.600676166762712])
(3,[0,1,2],[-6.718821793996538,-12.177369529329743,-18.340100521017018])
(3,[0,1,2],[4.510934615140061,0.4140358856150401,-2.6287321995638955])
(3,[0,1,2],[-7.261546257110571,-8.869454967663073,-8.333773811176457])
(3,[0,1,2],[-0.5077065341061587,-6.729183628117969,-11.914251920319428])
(3,[0,1,2],[5.070004772995864,2.0398088415082016,-2.6499162299179817])
(3,[0,1,2],[3.225458403174343,0.9267425761633333,-8.058325567648682])
(3,[0,1,2],[1.6707761511951,-1.399141577520487,-7.979742352269152])
(3,[0,1,2],[-10.016319435400629,-15.855159580954425,-19.16710030889018])
(3,[0,1,2],[-0.7357151850470791,-7.4731425603161945,-13.632965117031292])
(3,[0,1,2],[10.483389843830395,9.811245131803524,0.8497303105627259])
(3,[0,1,2],[19.978668262206764,23.483584337910987,20.27314143240052])
(3,[0,1,2],[12.556154837491379,15.417906514175517,12.671653305294894])
(3,[0,1,2],[-2.809749929781852,2.0182933591091485,-8.556448311054115])
(3,[0,1,2],[-1.3873858593530826,-3.079605955492106,-10.850001726481034])
(3,[0,1,2],[8.4121769970697,9.249915690136577,2.3803021309369385])
(3,[0,1,2],[21.372456143421047,21.42460677887108,16.4016526098498])
(3,[0,1,2],[2.9920545760983694,-1.7556234325738553,-5.284800170794675])
(3,[0,1,2],[-2.6445134528984475,-6.271166954073724,-8.514115674910732])
(3,[0,1,2],[-11.195604032962901,-11.232732851582071,-12.967933361964661])
(3,[0,1,2],[6.247400032388987,7.336859859950872,-0.2657652118365149])
(3,[0,1,2],[-1.6974266033396868,-8.945830941752783,-18.509665292869787])
(3,[0,1,2],[-5.771332564640407,-12.059524154355552,-19.821970668147735])
(3,[0,1,2],[3.897711456956368,1.1625040319164242,-7.854819245879514])
(3,[0,1,2],[-7.340294661196832,-8.066909220393468,-8.458679378012333])
(3,[0,1,2],[20.033497800609087,18.6541506796912,15.841451615423331])
(3,[0,1,2],[-5.41090090064968,-5.29628424261907,-10.014547468161654])
(3,[0,1,2],[12.3552614358873,13.261556981366843,5.499165174747718])
(3,[0,1,2],[1.1885751176258348,0.1099773737598514,-9.657177740335612])
(3,[0,1,2],[16.712615766181102,17.55955851014609,15.116513788038628])
(3,[0,1,2],[-7.013466997047687,-8.195539721482742,-10.090078065180586])
(3,[0,1,2],[-7.7019445605182035,-9.910677893752528,-12.270329463532615])
(3,[0,1,2],[2.669752373006072,1.238222340197243,-9.842218463172426])
(3,[0,1,2],[7.105332057321803,5.903246790244923,-10.939952707987386])
(3,[0,1,2],[-4.958711520406151,-6.906071215644298,-8.949886444656444])
(3,[0,1,2],[-10.840153535717755,-9.54372550139016,-13.131400570245408])
(3,[0,1,2],[-10.518218899924642,-16.761595837124542,-15.948469617017981])
(3,[0,1,2],[2.732501823286081,0.8953373260302779,-9.784831622023392])
(3,[0,1,2],[-5.559839071742616,-5.609998811066495,-16.32138992720048])
(3,[0,1,2],[1.840748442334732,-1.2808019054189106,-8.531802945377496])
(3,[0,1,2],[19.93008875144053,24.019077346144048,21.64744405593686])
(3,[0,1,2],[-5.47627980627225,-6.404507570453351,-9.64948238410063])
(3,[0,1,2],[23.956152677774057,22.396748552359114,11.56347678787889])
(3,[0,1,2],[13.424005900187161,13.872169481974183,11.50487718963184])
(3,[0,1,2],[9.145317703639622,10.933642646816466,11.397192087769891])
(3,[0,1,2],[-3.148477521363547,-5.569538482135432,-7.270992476390514])
(3,[0,1,2],[4.721296661435799,4.346689764238472,0.22881428668159476])
(3,[0,1,2],[-13.05820511422105,-14.67797560360486,-15.427983802987946])
(3,[0,1,2],[17.306523064338258,15.23552003975191,10.700708700373715])
(3,[0,1,2],[-12.327098914106191,-9.690876128647652,-17.56126479102915])
(3,[0,1,2],[-1.7254671132579813,3.168537741944762,-1.2252278967499357])
(3,[0,1,2],[24.773917505901508,33.02516416312922,24.190768822730043])
(3,[0,1,2],[-8.916394238407165,-11.565723582768452,-19.078283579126953])
(3,[0,1,2],[-11.106563563558563,-11.818551755764332,-15.244650960103037])
(3,[0,1,2],[29.00382754586146,34.702426357789406,31.422847102661176])
(3,[0,1,2],[-1.6022737393512219,0.38796370093132504,-0.6307766424571117])
(3,[0,1,2],[-17.301455093847384,-18.968401148036993,-17.888232098513587])
(3,[0,1,2],[-10.242428234371669,-16.65945943614366,-22.522529713228344])
(3,[0,1,2],[2.6146707028128904,1.129098098398041,-6.298359474877116])
(3,[0,1,2],[7.2756751984004335,5.610339725480658,-2.3967303998001097])
(3,[0,1,2],[3.1167609264549476,2.0161474049792663,-7.825696031155347])
(3,[0,1,2],[24.62774256121303,30.748211294715198,26.81773102451587])
(3,[0,1,2],[8.542224100742999,1.696625683664636,3.566234610572049])
(3,[0,1,2],[5.856635772402359,6.211883164522197,1.8524749038076824])
(3,[0,1,2],[-4.991417733835675,-9.939593869041795,-12.891890986639922])
