(3,[0,1,2],[-1.1403505002042784,-12.100401454990035,-15.935133569577506])
(3,[0,1,2],[19.861841987820366,4.460023174551129,16.408796993568423])
(3,[0,1,2],[12.40566987736792,-7.936128472746496,-2.7194683952879797])
(3,[0,1,2],[3.5095901187428087,-3.656545102295722,3.8338565208741455])
(3,[0,1,2],[-0.3946101183538074,0.3414896904734259,3.0154962543893187])
(3,[0,1,2],[-0.04578673089967922,-7.699345025528639,-1.8178367206360515])
(3,[0,1,2],[24.217875913432543,6.565147221945391,11.019905871349957])
(3,[0,1,2],[17.511118444828202,-10.786377131800116,3.323329592701756])
(3,[0,1,2],[5.504969634170738,-8.039264098021231,3.482295758304053])
(3,[0,1,2],[17.591364993045058,-9.672736316073664,2.440815138085047])
(3,[0,1,2],[28.68324192795768,14.169683175222064,29.682432573861202])
(3,[0,1,2],[-1.6665433411278023,-3.575451468017222,4.603498545510615])
(3,[0,1,2],[1.9344821834395338,-13.916411506357804,-16.505815785265675])
(3,[0,1,2],[-0.28918909141724813,-18.094756883845115,-17.499425196447863])
(3,[0,1,2],[8.563471753005347,-12.752846412472879,1.7243850197818076])
(3,[0,1,2],[11.742299400604683,-11.711788352633235,6.705878177947361])
(3,[0,1,2],[5.118056769878276,-1.174457189218319,-0.7854132830372591])
(3,[0,1,2],[-2.25633475747485,-17.691103463097125,-9.834886390798662])
(3,[0,1,2],[2.4702967713326913,-10.508033330552767,-0.9909118188481447])
(3,[0,1,2],[4.218334544571681,-10.32331990230389,0.08275088951809884])
(3,[0,1,2],[3.3534155255319775,-10.79872238379344,-6.570269397191574])
(3,[0,1,2],[10.949848053646022,-4.614921159045721,5.131180636985892])
(3,[0,1,2],[3.8954604291143404,-9.787431900414578,-8.597458680956926])
(3,[0,1,2],[4.475273542116954,-13.090641720383754,-11.74311585777733])
(3,[0,1,2],[0.4498817587745465,-15.19268750635722,-16.96293880329197])
(3,[0,1,2],[-6.600623278267469,-23.77265282629596,-12.000787818709082])
(3,[0,1,2],[8.807095174986983,-4.968780645714451,-5.902530763167675])
(3,[0,1,2],[11.596006010675307,-3.7932021516690044,5.006332506448305])
(3,[0,1,2],[2.0126829788889586,-9.93122082112591,-1.3432807521088583])
(3,[0,1,2],[7.557510586452899,-17.76862596977559,-8.922055766084178])
(3,[0,1,2],[1.3096566495357458,-13.842299366747326,-13.70589510882678])
(3,[0,1,2],[1.908431299749349,-6.4017571601473655,-8.765653202506371])
(3,[0,1,2],[6.700169022253527,-8.767010696263956,-1.8228174269140052])
(3,[0,1,2],[7.886606718481528,-7.874492038437994,-0.025688141605622494])
(3,[0,1,2],[2.5843398724830378,-11.826616613109906,-12.930806844986058])
(3,[0,1,2],[20.5683964570492,5.775562644427023,16.801756351504636])
(3,[0,1,2],[5.450107534219295,-5.154387336955871,-1.7554158061238982])
(3,[0,1,2],[23.214365055584743,8.381561844538355,21.50310786461126])
(3,[0,1,2],[5.501229701262832,-11.569008567419528,-9.565617584498789])
(3,[0,1,2],[6.586735232382534,-7.557624306930859,-8.488977273174708])
(3,[0,1,2],[19.68810681328263,-0.35201521277238257,6.166658762271815])
(3,[0,1,2],[11.43875656228849,-8.41985658360197,-2.534208864488149])
(3,[0,1,2],[-2.057801093301266,-17.098233338106176,-11.436105487940134])
(3,[0,1,2],[2.4534755842894,-10.988627472005984,-10.028567252967642])
(3,[0,1,2],[-2.3594270897251217,-20.900804488910286,-12.903801514688055])
(3,[0,1,2],[-2.389011405173214,-23.536709193913072,-22.688052164536835])
(3,[0,1,2],[0.020291150046346518,-17.961227053806393,-14.335755558258237])
(3,[0,1,2],[8.008816723294027,-14.706359335304054,-9.13859111998426])
(3,[0,1,2],[0.6173993083654004,-19.55745056166023,-15.099560676725503])
(3,[0,1,2],[7.930788204920219,-8.341121822222885,-0.05701942396536852])
(3,[0,1,2],[0.3556769510535378,-12.408624600769429,-8.068219117440504])
(3,[0,1,2],[13.427983182131815,-4.994690603460981,0.7834442487520734])
(3,[0,1,2],[4.292893096525574,-8.220122472729862,0.1623670197633027])
(3,[0,1,2],[8.100404109616635,-10.023300180865263,3.1747391052794347])
(3,[0,1,2],[15.113190496410965,0.004411297252244262,10.203459879126122])
(3,[0,1,2],[14.493189300905412,-9.865852941591513,3.3570712186990774])
(3,[0,1,2],[-2.8076222125299664,-17.788544704146343,-9.272199652266329])
(3,[0,1,2],[20.411849136796242,-4.591773019814953,7.610060278291734])
(3,[0,1,2],[-4.270744229307577,-11.55018886519254,-7.385320001188317])
(3,[0,1,2],[-0.39194242498246473,-7.3507668426364825,-1.4161958057091])
(3,[0,1,2],[1.8573029364137312,-9.510431466223487,-12.535381035034224])
(3,[0,1,2],[18.26778524867385,-5.164992202932932,4.652261504371205])
(3,[0,1,2],[8.070267619111624,-3.9159297915947184,3.687881610490274])
(3,[0,1,2],[-3.0973678786025656,-12.205477015005672,-8.646433066230394])
(3,[0,1,2],[18.667481814846088,-5.570011341985099,4.509248556876984])
(3,[0,1,2],[14.253704396342147,-4.710056632332668,-1.208701784365251])
(3,[0,1,2],[13.117286309922699,-7.161278256892267,-0.5361974742545255])
(3,[0,1,2],[-5.719182548451682,-22.780543253395788,-16.058566505225894])
(3,[0,1,2],[-1.6247220062428798,-8.175457144628988,-2.0093269401227554])
(3,[0,1,2],[-3.222208349193375,-19.02287153242999,-11.62153198373702])
(3,[0,1,2],[-4.466357475630075,-17.50209733406464,-10.835532103891609])
(3,[0,1,2],[-4.5281932199049715,-29.01395017246403,-24.9796108479462])
(3,[0,1,2],[7.996480336773523,-3.7267298850145236,2.242686522038082])
(3,[0,1,2],[4.362481483434693,-10.605357544161585,-10.116850384842872])
(3,[0,1,2],[10.492189011278573,-5.3122633089949804,4.50491605810412])
(3,[0,1,2],[6.906540197803013,-13.66231730711474,-9.023066665431202])
(3,[0,1,2],[2.6776997498784882,-8.870654321802704,-9.683760296078418])
(3,[0,1,2],[-1.0144723494058332,-7.239640553188148,-1.5529041065257805])
(3,[0,1,2],[4.833663481899094,-11.52531412592888,-3.2958246247840237])
(3,[0,1,2],[13.101385670315942,-9.853183926140675,-2.0359739607132963])
(3,[0,1,2],[1.9827537580314871,-16.63808251347435,-13.117166427129739])
(3,[0,1,2],[2.332740257120344,-7.71437430123486,-9.729316025927545])
(3,[0,1,2],[5.219371366709449,-3.392401816368263,-0.811736871210996])
(3,[0,1,2],[-4.670930947035299,-20.549024299656185,-11.494616316465002])
(3,[0,1,2],[0.9029980177539749,-9.577063693490356,-0.3559047468871952])
(3,[0,1,2],[8.084684999719311,-8.25709684514756,-2.599478480133115])
(3,[0,1,2],[-2.573745509125306,-17.228360086417343,-10.905314262444495])
(3,[0,1,2],[-0.7744174963628784,-11.046034438978351,-3.4132145553890374])
(3,[0,1,2],[0.8534251090624102,-15.335329751104984,-6.26736819463188])
(3,[0,1,2],[4.566462867892744,-10.019114571310888,-0.6693695388933159])
(3,[0,1,2],[8.764528506296575,-0.3811638366725466,6.548310616466843])
(3,[0,1,2],[5.468236032112224,-5.07723327409629,-6.839931268593995])
(3,[0,1,2],[-13.297977737400618,-16.5749903682442,-18.647737690162003])
(3,[0,1,2],[16.63161228354364,-4.275038314900863,4.008837087466125])
(3,[0,1,2],[-5.535813119406886,-23.07578374579237,-16.07929870480381])
(3,[0,1,2],[24.138956096606492,9.54140963054421,19.656439220618616])
(3,[0,1,2],[1.43630584441256,-7.687707069167166,-0.546888700044456])
(3,[0,1,2],[16.025527179750284,0.5632347985717774,10.433449007952797])
(3,[0,1,2],[-1.0126514918137772,-9.7825736307182,-2.4765167471045135])
(3,[0,1,2],[7.872267481067359,-8.646550921017482,-0.7170984888563181])
(3,[0,1,2],[1.4531438913121295,-15.376317430708118,-14.732962536750202])
(3,[0,1,2],[7.559280239258254,-9.179139741195604,-2.3945879718949294])
(3,[0,1,2],[-5.456883159763608,-20.62493625521322,-8.60400005153649])
(3,[0,1,2],[4.3724023775105705,-3.600243649645387,-2.094596391734574])
(3,[0,1,2],[0.15455297415758884,-13.586636189236504,-10.49358629332976])
(3,[0,1,2],[-3.6461186919608317,-18.7497399796191,-10.035657063923567])
(3,[0,1,2],[14.099539639850414,-3.438795512633737,13.083322955513477])
(3,[0,1,2],[-0.32095919782710125,-14.136005093338376,-8.370215957526316])
(3,[0,1,2],[1.6460713905411204,-10.07639390706966,-13.57127320615872])
(3,[0,1,2],[9.184903518892467,-10.973135557675448,-6.275378972264509])
(3,[0,1,2],[1.2896439294794633,-13.930579333476922,-11.663021676414226])
(3,[0,1,2],[5.275058728468726,-12.089757062247573,-10.75412787401207])
(3,[0,1,2],[12.441569033676656,-2.85739547232217,6.6072435991963365])
(3,[0,1,2],[7.029844209086847,-14.675803692296839,-6.539359009865676])
(3,[0,1,2],[1.4840108678202446,-8.184096183593686,-2.0964430570553265])
(3,[0,1,2],[0.16408921264864273,-5.586263212226286,-10.968086787963045])
(3,[0,1,2],[-5.706203201979111,-6.560228781921317,-5.6737905771252555])
(3,[0,1,2],[0.4212220069211252,-14.812671055046424,-10.99995727843689])
(3,[0,1,2],[14.449252075291723,-1.320157087650921,7.993785093587672])
(3,[0,1,2],[26.98059702096292,11.460757610089228,23.722558658819615])
(3,[0,1,2],[9.944525372221458,-6.003006854002489,1.8716298279822219])
(3,[0,1,2],[-1.749654107542287,-19.90310344362684,-15.801245791137841])
(3,[0,1,2],[5.948500818924051,-15.253695095588073,-8.305697753150051])
(3,[0,1,2],[8.083378908636973,-16.03983004837309,-7.290826990213519])
(3,[0,1,2],[2.029957891573824,-14.354387246439089,-7.926158145321332])
(3,[0,1,2],[4.910252104315791,-3.726063329500137,-2.1832016267227594])
(3,[0,1,2],[8.775481745220167,-2.407459322943263,10.544551141633518])
(3,[0,1,2],[-1.8815754200657269,-17.2982775003766,-10.25137310880178])
(3,[0,1,2],[1.548767903394626,-15.072031589540444,-12.321349755531442])
(3,[0,1,2],[2.1066516756559617,-13.971864869205223,-13.215161959114482])
(3,[0,1,2],[-0.246144581631357,-17.348533690689145,-16.36718375245929])
(3,[0,1,2],[9.683410090962125,-10.985033515181168,-5.57916545046139])
(3,[0,1,2],[25.248939829237997,11.37702953297751,23.311409400062267])
(3,[0,1,2],[-0.03816627887850621,-15.141958759797586,-19.237181436593517])
(3,[0,1,2],[5.9214591703459,-6.395374272002638,-1.8001677143384953])
(3,[0,1,2],[1.436245090102701,-13.930392214670483,-13.60229908641687])
(3,[0,1,2],[6.174870346265414,-14.007342788055258,-1.3205435815273097])
(3,[0,1,2],[-15.82773099336667,-17.296044544500226,-20.97043335645256])
(3,[0,1,2],[-0.36661209561242303,-17.4839709646549,-12.985971246724445])
(3,[0,1,2],[6.396636557957246,-9.721072692723855,-4.282282830779077])
(3,[0,1,2],[-5.591825246608179,-13.066787789817557,-11.830578436924334])
(3,[0,1,2],[2.24641581207979,-11.078588440445827,-8.648146079070958])
(3,[0,1,2],[25.12525810680318,3.828542438355731,13.551606627303322])
(3,[0,1,2],[11.425185982676995,-4.921067141177,8.165517546363903])
(3,[0,1,2],[7.791924131630261,-9.09192583490609,-0.7035566914294145])
(3,[0,1,2],[12.287624174958983,-0.2866661205103507,1.0340952143531477])
(3,[0,1,2],[12.137304944194508,-4.126732512814504,3.8040921956220504])
(3,[0,1,2],[10.308500998084837,-0.7330754429776876,11.287996878395834])
(3,[0,1,2],[9.842922348757941,-5.4651086926153045,2.566987941190815])
(3,[0,1,2],[2.701408471490272,-19.771004192752564,-9.472158287288643])
(3,[0,1,2],[-4.389636626445118,-8.670936087202259,-6.0793296476796606])
(3,[0,1,2],[-0.03404190986063427,-11.486204052488032,-5.861785974703195])
(3,[0,1,2],[-1.6366434508180738,-12.945830300818262,-17.514982878644823])
(3,[0,1,2],[4.970985961640109,-13.34802513797426,-5.941742790144915])
(3,[0,1,2],[16.83967840704236,1.7285775459860353,12.727050453307903])
(3,[0,1,2],[17.0694033903918,1.7009947219778896,12.840405135950995])
(3,[0,1,2],[7.16620124550241,-12.696133708711141,-5.665954134430224])
(3,[0,1,2],[25.515978389560605,-0.5914986310381307,11.904144328613741])
(3,[0,1,2],[-5.767681266517235,-22.25999129169741,-12.53746075395426])
(3,[0,1,2],[12.152511726960219,-3.3388073020192963,4.803147246503577])
(3,[0,1,2],[-4.119662294604781,-23.437351994116206,-21.449087613499852])
(3,[0,1,2],[17.360403374250584,-1.3915857876411035,5.918786707536598])
(3,[0,1,2],[-0.33872249340144167,-16.128261363486573,-12.071715367906558])
(3,[0,1,2],[0.4846354665974908,-21.420122310221217,-19.60983456179486])
(3,[0,1,2],[13.211975182750443,-10.916375917139662,-1.035307872278299])
(3,[0,1,2],[18.91704677248212,3.1489169800422565,14.248635972924026])
(3,[0,1,2],[0.6154272577074291,-19.570404651248293,-19.892456559164366])
(3,[0,1,2],[-1.5735487627213673,-19.170774572184985,-14.119226659983894])
(3,[0,1,2],[9.245371554894191,-5.005785521490502,2.7850720995373175])
(3,[0,1,2],[0.9757035542369181,-9.405702788449766,-1.1612226137648387])
(3,[0,1,2],[19.35153581407179,-1.984976189571675,7.882941011102367])
(3,[0,1,2],[1.598896720558781,-12.645257221358323,-14.829282281126364])
(3,[0,1,2],[10.565599087557137,-4.960098847338443,2.169874740417556])
(3,[0,1,2],[6.946339286196244,-17.976673865157167,-5.577037327321272])
(3,[0,1,2],[2.096105022268402,-13.476210131782913,-14.041054806105691])
(3,[0,1,2],[9.51615631034752,-5.970169071107639,2.2111968079782587])
(3,[0,1,2],[-1.3603359425123607,-17.071116475413856,-8.441211163701748])
(3,[0,1,2],[5.950310457931358,-9.849262527616423,-5.428643368067606])
(3,[0,1,2],[15.374547321479945,-1.1427685981339128,8.97014030213544])
(3,[0,1,2],[-0.18576366710241232,-15.737595959723759,-18.122629783405863])
(3,[0,1,2],[2.01051936863621,-11.785304702386945,-12.56695554028347])
(3,[0,1,2],[-7.852987922435936,-28.958999834805702,-24.950410763998644])
(3,[0,1,2],[29.177079866398035,14.794866598531486,28.76128185894268])
(3,[0,1,2],[14.47893719584253,-12.287796190615076,0.18276595003522544])
(3,[0,1,2],[-0.8920661489732573,-16.24752687944115,-11.42586964980134])
(3,[0,1,2],[13.315545210797861,-10.606557732827307,-1.7575415115889865])
(3,[0,1,2],[13.570910488317555,-1.6793113651355613,7.006654225336624])
(3,[0,1,2],[-0.6954258390663641,-18.65352474403081,-14.779112561837277])
(3,[0,1,2],[7.595943531543441,-8.303328287309641,-2.1224488469930587])
(3,[0,1,2],[-2.367120944546113,-20.003284947813952,-13.190478175640099])
(3,[0,1,2],[15.099918079297517,-5.452328177171305,-0.07401075371783783])
(3,[0,1,2],[10.613723606771822,-3.805666462419845,4.250026093179665])
(3,[0,1,2],[-0.42819296032624155,-12.950264366397798,-3.417135625279517])
(3,[0,1,2],[6.840840243529677,-8.52219204222633,-3.3859939023611263])
(3,[0,1,2],[9.62766041622561,0.806577331076983,12.603055444660159])
(3,[0,1,2],[-13.86123855071222,-18.51337478518699,-18.00344703067323])
(3,[0,1,2],[15.205820310683096,-6.141334978663229,1.4839693081671546])
(3,[0,1,2],[3.3675911788689623,-7.100452730369229,3.0971409253626367])
(3,[0,1,2],[6.309342248675341,-8.597444105952894,-2.4820843226712084])
(3,[0,1,2],[-6.9425853383881,-11.373029349904616,-7.374357674579008])
(3,[0,1,2],[4.6367563638253735,-9.362594908081295,2.443330327172542])
(3,[0,1,2],[-8.273483046575855,-9.914969538313503,-8.543464725685174])
(3,[0,1,2],[9.755053368176126,-12.435924790543352,-5.968448064001277])
(3,[0,1,2],[-10.758290487745738,-33.7530649720858,-24.0612611210856])
(3,[0,1,2],[-4.743564050062969,-23.633255219133815,-16.963743126155435])
(3,[0,1,2],[4.163940946676745,-7.820550793657528,-3.8432158662580136])
(3,[0,1,2],[2.7843568319354817,-6.685294335467543,-5.946145957481099])
(3,[0,1,2],[-1.0570989638890373,-17.773115302175537,-10.642398969233012])
(3,[0,1,2],[5.83698472004886,-4.6487339032186,-0.3214241751181821])
(3,[0,1,2],[5.497597010537194,-9.95060516416072,-1.787741418188968])
(3,[0,1,2],[-0.4613908043155368,-16.98046916661038,-11.913553297953229])
(3,[0,1,2],[8.734838967312832,-10.647204480453148,-5.888100360734505])
(3,[0,1,2],[0.2856606191957489,-13.003774729967628,-9.171795937562957])
(3,[0,1,2],[-7.22532742222177,-13.00392689584781,-8.372658080252007])
(3,[0,1,2],[8.964580529468984,-2.1262187404953625,9.392874197206007])
(3,[0,1,2],[11.397091848888126,-4.188149404213962,4.691231231809879])
(3,[0,1,2],[19.26363494734545,4.146766350691894,14.187812119121993])
(3,[0,1,2],[18.266548347161788,-4.553985651196962,5.953630348421105])
(3,[0,1,2],[-0.22824181497869356,-17.97578329383676,-13.86833847559078])
(3,[0,1,2],[8.770111608104836,-10.057560948285822,-6.631646130423132])
(3,[0,1,2],[24.289724679113718,7.940527580305006,20.797294060316297])
(3,[0,1,2],[2.6568853463553372,-10.570818718768596,-14.49712444345693])
(3,[0,1,2],[20.003334922541764,4.752818868883032,17.423100763312252])
(3,[0,1,2],[10.74896704475098,-0.7976328267225331,10.633635996077535])
(3,[0,1,2],[7.483902012587224,-11.457694019078502,2.0560839544470895])
(3,[0,1,2],[-1.010373774779068,-20.688488166069586,-20.280465356824827])
(3,[0,1,2],[3.9408551379116243,-8.482493004059487,-0.18593551785181384])
(3,[0,1,2],[7.779402391982574,-6.6642932179398615,3.921513121306513])
(3,[0,1,2],[-6.60968456284915,-22.852599599722712,-14.383786218505797])
(3,[0,1,2],[16.3583232180585,-3.825810358499505,4.225910591669505])
(3,[0,1,2],[3.708074797788866,-3.040680057981745,-3.5233799616789283])
(3,[0,1,2],[10.736639000278563,-2.9521719024089492,-2.3178459928512773])
(3,[0,1,2],[9.029952328235353,-7.280326684561057,-4.323981585907106])
(3,[0,1,2],[19.02894472764301,3.727153951199054,14.886562395815137])
(3,[0,1,2],[-2.889633614073259,-19.655816196732573,-13.038365006871091])
(3,[0,1,2],[-0.894586860108983,-19.309720579169472,-17.224100395847522])
(3,[0,1,2],[-4.373115119635586,-15.263823249282131,-10.53179011810532])
(3,[0,1,2],[6.784913524192934,-6.539148203326667,-1.0564774856245993])
(3,[0,1,2],[-0.6817742697601521,-18.004753266241412,-14.642443298042735])
(3,[0,1,2],[4.363004414295843,-12.008143862342823,-4.270978693032568])
(3,[0,1,2],[-0.7513706396561046,-14.177728149959218,-19.746003087127498])
(3,[0,1,2],[6.748090720891476,-12.99107857252153,-7.001292216618321])
(3,[0,1,2],[17.69256741450759,-4.774716403916692,6.304883090501216])
(3,[0,1,2],[2.144721240148482,-18.759400629914712,-15.800069999949368])
(3,[0,1,2],[-2.5294763186054943,-10.28963590436447,-4.518242053780503])
(3,[0,1,2],[15.286330602456848,0.5622036253001508,12.316264652328801])
(3,[0,1,2],[13.65631838271168,-4.68189982232991,-1.5564648054267378])
(3,[0,1,2],[8.815125578658593,-7.414195032491062,0.009312382235424632])
(3,[0,1,2],[4.977304136250735,-10.544083349288908,-8.368243605759595])
(3,[0,1,2],[0.8167826710055401,-9.597945410396424,-15.356754968578603])
(3,[0,1,2],[-0.764634388154238,-16.755017265347455,-7.468099009251678])
(3,[0,1,2],[6.334691571944922,-7.942087808291169,-3.1662867695568346])
(3,[0,1,2],[8.32815032794839,-6.969135994726495,2.6996493051441632])
(3,[0,1,2],[-1.797279845679929,-15.855346595300764,-10.126569584965376])
(3,[0,1,2],[-0.8774589757117561,-14.437224173466102,-19.43717499270288])
(3,[0,1,2],[22.894932573575275,8.035295386590976,22.947159581043216])
(3,[0,1,2],[-7.59515449905712,-29.09770786739535,-21.1081104905725])
(3,[0,1,2],[5.098652225437134,-7.819648419128425,-5.363268777600626])
(3,[0,1,2],[12.87698763126156,-2.8042499283523195,5.852331053312778])
(3,[0,1,2],[3.642746116999085,-11.73204576236363,-1.3640788544835476])
(3,[0,1,2],[16.29451734981171,-1.7893519553733146,3.8598783065916047])
(3,[0,1,2],[4.676993161216016,-15.687296986375616,-8.289199338824009])
(3,[0,1,2],[6.227021047679322,-9.140668925939856,-4.141057657874473])
(3,[0,1,2],[22.222210919890017,7.553738300102153,20.222350152543985])
(3,[0,1,2],[-2.8162143697326023,-19.202455989871908,-12.304864591481728])
(3,[0,1,2],[10.109216593829622,-4.9480394714299685,-2.952980773751717])
(3,[0,1,2],[2.596798573396284,-15.181506700605889,-15.932174490250066])
(3,[0,1,2],[-0.4181933478000356,-14.437094758961045,-7.656332605898298])
(3,[0,1,2],[10.207521141912512,-2.53019609188184,8.407264356469142])
(3,[0,1,2],[8.84108910747489,-11.584532502405304,-5.87818189729288])
(3,[0,1,2],[19.17070985152606,4.6297925341593436,15.975764316324957])
(3,[0,1,2],[9.544844358280757,-6.749482017438233,1.6763226859193907])
(3,[0,1,2],[16.620313135687837,-4.235140424826423,5.038293726457768])
(3,[0,1,2],[12.673280958213724,-6.029810505860729,0.9261598509427968])
(3,[0,1,2],[19.283845606545118,-8.725695185023806,7.21860055910932])
(3,[0,1,2],[1.1639758750162297,-12.885495375533846,-16.06580869508057])
(3,[0,1,2],[-4.492687311427124,-21.02677555455964,-13.884172008069562])
(3,[0,1,2],[11.701172066719053,-7.24774989067328,-0.9403364153523661])
(3,[0,1,2],[17.98225655273358,-7.162279472632526,3.468433472317756])
(3,[0,1,2],[-6.015804062133398,-17.677065357357556,-13.831374882074703])
(3,[0,1,2],[3.6900762937476608,-10.69712900517204,-6.073217713563745])
(3,[0,1,2],[-5.129494799634637,-11.189331679211595,-7.918641009608482])
(3,[0,1,2],[-1.629565456393936,-14.844132339760034,-6.339605550158398])
(3,[0,1,2],[22.022610641291926,-2.727176404618803,10.099421331888081])
(3,[0,1,2],[4.140457056950623,-10.761909435402725,-10.673148144672574])
(3,[0,1,2],[0.48470329859951167,-12.763778423036555,-4.96647131726538])
(3,[0,1,2],[1.6630745993502527,-12.919208583761279,-13.953954496599998])
(3,[0,1,2],[3.3126875697762475,-14.138486068704141,-2.8692545188760477])
(3,[0,1,2],[4.835328222690737,-11.78151405940325,-6.932861138221258])
(3,[0,1,2],[-1.8510693586754157,-22.712451435012696,-18.393316560618455])
(3,[0,1,2],[-0.604752591859633,-14.80927172502413,-19.51918408938591])
(3,[0,1,2],[-2.5985365240706866,-20.776430275351863,-16.459191650734038])
(3,[0,1,2],[12.293597704182918,-2.9157142789461195,12.386865092642541])
(3,[0,1,2],[-2.6512175392134987,-19.54053730541966,-9.139166725251933])
(3,[0,1,2],[2.847054297297201,-18.8624890799256,-14.07348989807608])
(3,[0,1,2],[-9.313534993890132,-16.25735708553544,-14.539724488129368])
(3,[0,1,2],[24.619189709350056,9.3688240169536,22.6105827265383])
(3,[0,1,2],[-3.9064765924934926,-24.097826537270965,-16.987787968521317])
(3,[0,1,2],[3.7610902820757453,-12.542847844744905,-12.744290729278179])
(3,[0,1,2],[10.418821447934661,-13.000309485359713,-3.6223957061478895])
(3,[0,1,2],[-8.108467160910498,-14.277354291116172,-11.569147699925526])
(3,[0,1,2],[4.538966635227432,-8.881681256170806,1.9749672051477984])
(3,[0,1,2],[1.7050192590087438,-12.10760264669796,-10.035040735939685])
(3,[0,1,2],[24.882476235471998,10.972397870381274,22.866540867390523])
(3,[0,1,2],[-3.8931662526693653,-11.966636856207945,-6.782608840150045])
(3,[0,1,2],[6.034926936674015,-7.392483630198646,-1.3188042219935618])
(3,[0,1,2],[11.477492442886131,-10.208474455583538,-2.276242298216383])
(3,[0,1,2],[2.942243974564581,-15.973487773358155,-12.004060546497222])
(3,[0,1,2],[1.7192053077188971,-14.916844478267969,-12.363880876363151])
(3,[0,1,2],[-6.308254889973677,-21.15634016236053,-17.58565205834875])
(3,[0,1,2],[9.951490432513733,1.3330241242695144,11.93925457800003])
(3,[0,1,2],[16.303533583071097,-1.3725858965656272,16.127294676246848])
(3,[0,1,2],[27.964786259208413,13.294369147986519,26.7132012327855])
(3,[0,1,2],[-3.5548442858359053,-28.58966457924782,-23.47956503815498])
(3,[0,1,2],[-1.148488989348881,-20.422605049462696,-17.700732284431236])
(3,[0,1,2],[6.537477780590424,-10.699225307563456,-8.897082255176278])
(3,[0,1,2],[3.7900880799477767,-10.38281865545365,-5.376550641766626])
(3,[0,1,2],[-2.759917060204966,-16.877286220350474,-6.376302613267509])
(3,[0,1,2],[1.9700301128665663,-15.463120653997404,-17.11920329964507])
(3,[0,1,2],[17.164886033977854,1.3945814257008797,12.679683455583366])
(3,[0,1,2],[-4.671220734544182,-23.542514998643423,-16.76062413879588])
(3,[0,1,2],[1.0145847511153507,-17.211104630602456,-18.178092899770668])
(3,[0,1,2],[-1.1618861339821274,-5.175946382362476,-0.9770289908083123])
(3,[0,1,2],[-2.5515352501131723,-16.380312732387832,-9.416311440048725])
(3,[0,1,2],[4.184236102963123,-13.00933705664928,-11.863765714314127])
(3,[0,1,2],[-1.1951597977949284,-21.0281994796522,-16.866973201595314])
(3,[0,1,2],[2.056358518092833,-15.26871035126777,-6.968356439174139])
(3,[0,1,2],[3.19473828392069,-9.672681827261973,-9.741317576786106])
(3,[0,1,2],[3.8761739085953164,-2.860417966700669,5.367853183674292])
(3,[0,1,2],[0.7155985967037755,-15.473383909645394,-9.896062246866856])
(3,[0,1,2],[15.38955637419156,0.21937579537098661,9.647828285404781])
(3,[0,1,2],[1.3802354072643745,-10.915323940349271,-5.689553435578756])
(3,[0,1,2],[9.401267647248893,-10.710200953433679,-2.265695325541989])
(3,[0,1,2],[12.200990281492995,-0.29340914904104326,13.506142424244851])
(3,[0,1,2],[19.717105868491842,-5.986334215955842,6.285531454937592])
(3,[0,1,2],[0.6451435812126626,-10.501963778360441,-3.188964647940116])
(3,[0,1,2],[-1.7656531817608738,-7.273909812355077,-3.727279465778442])
(3,[0,1,2],[7.146084151612028,-5.217032530486834,6.269370210634001])
(3,[0,1,2],[18.792657910433075,-4.276614423457507,7.669743719803434])
(3,[0,1,2],[34.88066638384904,21.36890269411366,36.246385564863196])
(3,[0,1,2],[-3.9824779086636757,-21.611965120463207,-13.639134525187842])
(3,[0,1,2],[0.24768360819934854,-18.041532569962065,-17.20553516761678])
(3,[0,1,2],[8.509929502744672,-10.503525124954884,-5.041885745281223])
(3,[0,1,2],[-7.681806485581532,-14.144224296784785,-10.867501458775397])
(3,[0,1,2],[27.828111075005033,4.5678824538254945,17.288438859358386])
(3,[0,1,2],[-7.119456771035941,-21.760394227796667,-16.76582641298222])
(3,[0,1,2],[4.301846555819591,-6.77710221467525,-4.545874941365897])
(3,[0,1,2],[13.603885799670502,-1.5733727192242335,7.290848005722865])
(3,[0,1,2],[8.676559183492069,-6.766588575019407,0.6452682974679764])
(3,[0,1,2],[-0.1875347844564661,-18.268637400516113,-20.45937992325883])
(3,[0,1,2],[7.087359431968765,-8.009044036805909,5.564379572851534])
(3,[0,1,2],[-2.0673762665597963,-17.86628348023882,-23.482182566543923])
(3,[0,1,2],[18.944087973954826,-7.211535156303295,3.4837443601580294])
(3,[0,1,2],[-2.850732836892899,-15.000526227891548,-8.654604855866635])
(3,[0,1,2],[5.747570549432663,-7.057194628669589,-7.026549589001242])
(3,[0,1,2],[17.15508967742308,-8.02649907194679,2.4783521612359825])
(3,[0,1,2],[-6.785069792934043,-9.518344234275986,-8.507402849464466])
(3,[0,1,2],[6.10975025963922,-8.240758098616801,-5.046954921921872])
(3,[0,1,2],[18.57881004851837,-0.11834955085600751,6.108608561135476])
(3,[0,1,2],[16.264209365916102,1.2223765165117708,11.706387732545155])
(3,[0,1,2],[13.348224163907641,-12.614548986871766,-1.9423420768435018])
(3,[0,1,2],[1.9764542250919206,-10.400062589523934,-2.1705524851654947])
(3,[0,1,2],[5.206831957947163,-4.9310745642651,-4.68003550145432])
(3,[0,1,2],[-4.502016324974277,-20.881188488188535,-13.692493298780242])
(3,[0,1,2],[8.258009585446931,-7.631898985995044,-6.801660395124548])
(3,[0,1,2],[0.2717190268027996,-13.966563014800844,-14.461973744859716])
(3,[0,1,2],[12.871775379872538,-10.043675960266093,-0.11959479101591652])
(3,[0,1,2],[27.166058735016104,0.5501747900016933,15.156575144140332])
(3,[0,1,2],[2.4281145422395864,-12.730221302329,-10.469156023231122])
(3,[0,1,2],[6.376559101912877,2.752597859667714,3.095534507543492])
(3,[0,1,2],[16.254493691759706,1.572658965785648,16.297366317722734])
(3,[0,1,2],[15.350931014299357,1.286980587061619,1.447163291332232])
(3,[0,1,2],[19.009381165693423,4.094573653380188,14.680226885348228])
(3,[0,1,2],[5.736457229297744,-11.435073400694007,-5.476416809064453])
(3,[0,1,2],[14.500653525813526,-3.273444547991957,1.2505896836050692])
(3,[0,1,2],[6.980591797082891,-12.30316611440019,0.48891106374891313])
(3,[0,1,2],[12.98240648073152,-1.7287842003983327,6.7879396764706765])
(3,[0,1,2],[3.351215075237743,-4.071819024081534,3.944369381012457])
(3,[0,1,2],[14.367617603184184,-1.9508714567849303,8.803475712242586])
(3,[0,1,2],[-0.22530652198696255,-14.1859451729253,-18.942920545437058])
(3,[0,1,2],[22.79266564596016,7.5216963798169685,20.674576586816503])
(3,[0,1,2],[6.190272626919386,-4.415425856606623,6.111809160563727])
(3,[0,1,2],[7.541808272194847,-4.4417498386802565,3.684677335040371])
(3,[0,1,2],[-1.5338542392372534,-13.48453024067577,-18.745392542717617])
(3,[0,1,2],[9.508216051307292,-7.100688801545898,3.2788929833676175])
(3,[0,1,2],[-1.047818132961884,-21.67319547641528,-27.331588808781884])
(3,[0,1,2],[13.031331950351221,-2.6330810332146517,6.888645776194715])
(3,[0,1,2],[32.03693051506781,17.838049685837692,31.60653879483125])
(3,[0,1,2],[3.657641270117532,-13.884874865329575,-11.43128122944486])
(3,[0,1,2],[-4.625987145676694,-7.971252705120282,-5.281325661246095])
(3,[0,1,2],[5.4640993478363376,-11.429810009331707,-5.339904843043136])
(3,[0,1,2],[17.93902592186218,2.688001632826864,12.904525000225608])
(3,[0,1,2],[-3.3064576462423525,-18.10824400587325,-12.490329322752936])
(3,[0,1,2],[5.241734583224037,-7.118536877977834,-7.010404791921392])
(3,[0,1,2],[4.347257524882255,-12.19238773589495,-8.617710986395462])
(3,[0,1,2],[0.4296009013394404,-18.29839164973815,-18.227627147827924])
(3,[0,1,2],[3.382521369265388,-8.400144930378119,-7.234750426451196])
(3,[0,1,2],[11.302173086748324,-3.685003412590458,3.9881417531574357])
(3,[0,1,2],[-2.479481838512647,-18.73690051628728,-11.991151220654368])
(3,[0,1,2],[-0.7498966142967387,-8.120136155268664,-16.29277724891595])
(3,[0,1,2],[26.830381208827813,12.57142261166527,25.73827178539555])
(3,[0,1,2],[0.7833351064363895,-14.341922385395275,-8.462875758577693])
(3,[0,1,2],[11.716138321753384,-12.686524524886295,-3.3308476631725443])
(3,[0,1,2],[3.338847514415936,-11.028302036361161,-9.440809582017247])
(3,[0,1,2],[4.0154106830677465,-10.798816187185077,-5.122987642422518])
(3,[0,1,2],[6.166978161382563,-3.429472578498119,7.792756434016661])
(3,[0,1,2],[-2.1943416107448472,-21.820456797475895,-25.29840269145342])
(3,[0,1,2],[2.5294598259288197,-11.282863241060145,-14.197924003139565])
(3,[0,1,2],[2.123134361131979,-15.045848770344664,-9.954789850756956])
(3,[0,1,2],[5.395520228877964,-4.396182951445841,-3.9007065367337725])
(3,[0,1,2],[-8.279043397708248,-11.996783709850812,-11.96307828983269])
(3,[0,1,2],[-0.7218460737530823,-14.753877378059924,-9.86273480953659])
(3,[0,1,2],[33.59188676291432,20.39722045256439,35.92004304318389])
(3,[0,1,2],[4.068018519896331,-1.6234903945186177,-1.867451267582215])
(3,[0,1,2],[-13.526993433220447,-14.492669933261656,-19.234762706922155])
(3,[0,1,2],[0.7200147875814858,-13.345582561303729,-4.989157570598573])
(3,[0,1,2],[3.8365539208305526,-9.202514246760332,-11.321386220835949])
(3,[0,1,2],[0.9260745597647346,-16.244680064574307,-10.654955432178038])
(3,[0,1,2],[12.267363813465948,-5.5763765525831674,1.5531929527275483])
(3,[0,1,2],[2.611866916468257,-12.431219238453803,-10.019569430826586])
(3,[0,1,2],[11.70315808526442,-9.459814973362192,-0.7679826260680982])
(3,[0,1,2],[5.545722123771918,-10.942379933098163,-5.859381370632057])
(3,[0,1,2],[17.80755207955406,2.1948917484048303,13.228214578245018])
(3,[0,1,2],[-4.023351728865897,-20.936334325872217,-11.238776271248291])
(3,[0,1,2],[24.60180128482631,8.853297499723585,23.187424608582436])
(3,[0,1,2],[-2.331065815695818,-20.35973553419878,-17.228950362270858])
(3,[0,1,2],[36.80806115608909,24.223606316683078,38.47855071962945])
(3,[0,1,2],[7.171117703169148,-3.841551929339793,6.811257857712012])
(3,[0,1,2],[-1.0267589716772885,-11.127310228758496,-2.5340045298129716])
(3,[0,1,2],[18.835394289901913,4.204824359622307,14.37100252284273])
(3,[0,1,2],[0.4762490429462647,-5.851074003449593,-1.076851996808706])
(3,[0,1,2],[-0.8985379301697396,-16.509624382953877,-9.262066803315069])
(3,[0,1,2],[-2.263279090229405,-12.94264770070734,-3.6632077573461217])
(3,[0,1,2],[-13.107074024809304,-17.401234027355255,-18.651752859192058])
(3,[0,1,2],[2.3915613249134497,-4.468756341568284,3.0242478803321378])
(3,[0,1,2],[9.616320995699677,-12.78022930675934,0.6670404143081172])
(3,[0,1,2],[5.460248004298469,-2.968140006317201,0.7496136351391525])
(3,[0,1,2],[5.995906434791083,-6.6908517268716245,-1.4613010405564932])
(3,[0,1,2],[2.7511808836983622,-10.675830449957672,-7.853619894763252])
(3,[0,1,2],[-3.1218356466890724,-27.09806173198683,-28.377957241342347])
(3,[0,1,2],[5.004148384788532,-13.232293756576466,-0.7148217195899642])
(3,[0,1,2],[9.647954032956235,-11.725291792560068,0.7846219961603733])
(3,[0,1,2],[5.239742666521264,-17.118122906113943,-4.271889172542389])
(3,[0,1,2],[-2.6538754245318263,-16.691164743285846,-8.223161577866405])
(3,[0,1,2],[1.17500803666224,-11.925817809436023,-13.362297532366254])
(3,[0,1,2],[11.997964018800479,-12.46459855299043,-1.768830373447699])
(3,[0,1,2],[-2.2430275244322737,-6.367896534235248,-1.5005025994001646])
(3,[0,1,2],[-4.7418501084351545,-21.142362299978885,-12.025523161553004])
(3,[0,1,2],[3.385643255903197,-4.339757571791574,5.619338203187762])
(3,[0,1,2],[-6.741516330424063,-23.999704997978874,-17.97975189903306])
(3,[0,1,2],[-3.3367201514607396,-4.940211131548024,-1.607834476076437])
(3,[0,1,2],[6.664525827906479,-12.03830315299894,-2.3379567323964094])
(3,[0,1,2],[9.9135453807641,-7.630245055408476,4.851934913022191])
(3,[0,1,2],[0.6177287779100052,-10.90902335184838,-10.95744192912406])
(3,[0,1,2],[25.77819654464139,12.64612016050589,25.190091260927083])
(3,[0,1,2],[1.4282494382841597,-13.346136623567787,-14.78644170118693])
(3,[0,1,2],[10.005795106940836,-8.015443769609675,-2.9259843339879894])
(3,[0,1,2],[-4.393347106668806,-25.717971610238774,-19.981854617162533])
(3,[0,1,2],[-2.665635985826271,-15.542672690542366,-8.819507766534237])
(3,[0,1,2],[-2.1173019364671872,-17.054688772281057,-8.845519739994508])
(3,[0,1,2],[1.5637745625743174,-15.434434183478508,-10.000769144367391])
(3,[0,1,2],[28.10776731633974,12.069438264971797,26.701181343725175])
(3,[0,1,2],[6.438338507440063,-14.937532008255557,-10.528016025746403])
(3,[0,1,2],[-12.067812684392397,-16.070158387929148,-17.317294568556036])
(3,[0,1,2],[3.4423578347511494,-8.437754094068199,-8.51153484660455])
(3,[0,1,2],[28.749539303944893,1.9141310170096357,18.38198353087897])
(3,[0,1,2],[-2.2164934492255544,-18.63332711356284,-12.020420457529672])
(3,[0,1,2],[3.6059673030221107,-11.228802179312787,-10.060368634757523])
(3,[0,1,2],[2.0105768583058206,-12.868846607831557,-1.4498122346817293])
(3,[0,1,2],[-2.0475773729571807,-21.21717402651583,-18.587777035127242])
(3,[0,1,2],[-3.538002677962,-20.24555468104736,-14.390902534857583])
(3,[0,1,2],[17.282730006438225,-8.142822598875904,1.6234143307038225])
(3,[0,1,2],[11.45499089866185,-4.490750129818979,3.666427790286294])
(3,[0,1,2],[4.931799063132594,-5.39126570668199,-1.7805827824897071])
(3,[0,1,2],[1.4039414333241502,-10.711127707640468,-14.323374418497842])
(3,[0,1,2],[15.300586197143367,-0.6762775259848162,10.252256978094316])
(3,[0,1,2],[18.14828754549434,1.8416706074220013,13.863790663250871])
(3,[0,1,2],[9.850384419073373,-1.6139798450147143,11.053215715104681])
(3,[0,1,2],[-0.6475483223409946,-12.164932012719648,-4.915701804624448])
(3,[0,1,2],[11.111358365369217,-4.659054716379847,2.8796234713672657])
(3,[0,1,2],[11.863413056814998,-4.4199255535994455,3.7524666822668857])
(3,[0,1,2],[12.969105539508895,-2.267892439918578,5.292683899358353])
(3,[0,1,2],[1.0891607319110297,-6.882291663816787,-0.4418637505734324])
(3,[0,1,2],[-6.359664702893741,-27.535657719139724,-21.062949449227467])
(3,[0,1,2],[-6.868170715450985,-7.092996470691484,-3.912053010769062])
(3,[0,1,2],[-1.0270824219084842,-12.522690014652447,-5.0553889829681165])
(3,[0,1,2],[6.522229283869266,-6.910460579351662,-2.1483800723635036])
(3,[0,1,2],[19.14733864249595,5.37300148436617,16.415238744770484])
(3,[0,1,2],[18.190460409725215,3.9826913166313593,13.090849919483636])
(3,[0,1,2],[1.947685566907889,-12.515072722575942,-12.034925898707872])
(3,[0,1,2],[12.274849605616264,-9.123339117114396,1.6331102098922599])
(3,[0,1,2],[-8.45402183974185,-23.64738172609612,-19.099695974756706])
(3,[0,1,2],[12.19180082010473,-7.94645291041244,8.07552807063965])
(3,[0,1,2],[2.143242516898708,-3.8120605941574954,3.685148501431374])
(3,[0,1,2],[20.005014381351284,-5.423526206680972,4.341797872673856])
(3,[0,1,2],[9.850042114122061,-9.32990139327155,-1.7286311850004168])
(3,[0,1,2],[6.991983745411908,-10.70173750494589,-6.884075097124086])
(3,[0,1,2],[-2.8179080041018114,-19.130111145563887,-10.767194851234171])
(3,[0,1,2],[2.7441968669462677,-12.971698309138361,-3.5553060003667007])
(3,[0,1,2],[-7.083971316288909,-20.436735251571143,-26.23319539387387])
(3,[0,1,2],[0.46675026474598913,-9.408194755770225,-16.31208157025049])
(3,[0,1,2],[-1.0042306090469093,-19.43376658329304,-17.943796053025178])
(3,[0,1,2],[4.467869807070299,-11.246979782166054,-12.602514579576631])
(3,[0,1,2],[14.448497018513413,-0.9856132120821597,11.05429362849177])
(3,[0,1,2],[7.553943397871384,1.429851877428482,9.144855765359722])
(3,[0,1,2],[6.364064348279402,-6.760548570160509,-6.101018305301484])
(3,[0,1,2],[18.02291660518036,-9.40258598134037,5.919608377267302])
(3,[0,1,2],[19.84070252112307,3.511317981524291,7.373879689456879])
(3,[0,1,2],[1.480946838142967,-11.99507867910156,-12.051051760926168])
(3,[0,1,2],[-1.300008800207397,-15.573759152906065,-11.20955028656912])
(3,[0,1,2],[4.266573763112998,-9.689794170346321,-4.169884384371468])
(3,[0,1,2],[23.007752420942648,-9.781023932111912,7.5545210018195705])
(3,[0,1,2],[-0.5880389847405236,-17.88551527014297,-13.071192867263743])
(3,[0,1,2],[4.6737247835142455,-6.6026150771786565,-0.32207564247340303])
(3,[0,1,2],[11.557000143422945,-5.892160076182859,-1.5386665185874224])
(3,[0,1,2],[21.862640600113714,6.909533386102343,19.541700329626835])
(3,[0,1,2],[14.79265997732649,-1.0321361862710754,9.254174779874843])
(3,[0,1,2],[6.571031274369108,-5.409950391351749,1.3522710670472853])
(3,[0,1,2],[3.267902738028103,-8.423728829968923,-4.719953832035253])
(3,[0,1,2],[4.128764991667762,-5.667647607899651,-3.924905821490773])
(3,[0,1,2],[-4.885758178993882,-26.253156938790127,-18.18556001274725])
(3,[0,1,2],[9.272966447581727,0.8135348294235614,10.281731771334636])
(3,[0,1,2],[1.055487687077322,-12.45756916288643,-8.29985535155301])
(3,[0,1,2],[5.412843591237224,-7.699793383921721,-4.073668940318043])
(3,[0,1,2],[2.441012672522654,-9.063134502784177,-13.005824203970581])
(3,[0,1,2],[8.946329104188706,-7.210938723121034,0.3896612546146234])
(3,[0,1,2],[9.32259397286594,-7.925828497181806,-5.969602091919111])
(3,[0,1,2],[20.157622896874273,5.790240170199703,15.700083488423067])
(3,[0,1,2],[5.278795849166633,-12.783272181687847,-8.913258778453137])
(3,[0,1,2],[20.033945975880567,-5.569383248641966,8.016768302600774])
(3,[0,1,2],[18.949605261657876,-8.452124460837677,5.546951260733861])
(3,[0,1,2],[23.127662788583283,4.288101914857008,11.375091646112049])
(3,[0,1,2],[28.673481704392838,14.402331690798361,26.06483387885892])
(3,[0,1,2],[18.994666498629734,-5.009914492489731,4.038929436303242])
(3,[0,1,2],[13.152770125880004,-2.3594390688600146,7.664814736724906])
(3,[0,1,2],[1.410589136373605,-13.207741751893327,-8.751918725881492])
(3,[0,1,2],[-9.33864608224551,-17.3727341405261,-15.59912573603172])
(3,[0,1,2],[-0.10478095259667042,-14.160362966337297,-8.005207549316893])
(3,[0,1,2],[20.048495155876918,4.592025091236097,14.87200241294306])
(3,[0,1,2],[4.464997855866204,-12.475496938868318,-4.663199982354119])
(3,[0,1,2],[1.8706194892227739,-14.5563228958691,-16.72371204524614])
(3,[0,1,2],[-3.4206041688188584,-16.320290519246463,-4.947983653877811])
(3,[0,1,2],[-13.617107908330283,-19.372491001796835,-18.75864995659234])
(3,[0,1,2],[11.81819893180327,-3.5603520065699534,2.2731182563479355])
(3,[0,1,2],[2.4709603206356,-6.449380288498935,-10.209907250806435])
(3,[0,1,2],[3.162115320318791,-3.3063612187574822,4.514326211290497])
(3,[0,1,2],[15.678802500444904,0.9880555026750646,9.107270223283043])
(3,[0,1,2],[-1.578464387291114,-21.307928645045266,-19.93095109028798])
(3,[0,1,2],[1.7720092309320712,-12.627384631250237,-11.091216055520027])
(3,[0,1,2],[6.879862200986685,-7.978321450241289,2.741785661191482])
(3,[0,1,2],[-0.699178280258933,-17.935110656775056,-17.946126845463475])
(3,[0,1,2],[12.286494294403704,-3.505387060764275,4.465193437195847])
(3,[0,1,2],[-0.9885586919789784,-17.191170460704782,-12.730156041945168])
(3,[0,1,2],[18.89185248789598,-5.627516249908208,3.48347193680323])
(3,[0,1,2],[-2.943870344734328,-12.201730296782115,-5.589419296636786])
(3,[0,1,2],[0.7551761249539888,-18.48293306294871,-16.92568915576381])
(3,[0,1,2],[13.03677029304025,-2.4379133041589394,6.3743561536734425])
(3,[0,1,2],[-7.745467883038384,-4.145721487365106,-5.068258325830218])
(3,[0,1,2],[0.5959803795002383,-7.620728886809307,-13.472915821390707])
(3,[0,1,2],[-1.0478059041727024,-8.78543595600904,-4.370540706936996])
(3,[0,1,2],[2.0380372171911745,-9.727365517129616,-12.800657150891947])
(3,[0,1,2],[-0.20288436946501198,-12.61840402504313,-17.456635385598766])
(3,[0,1,2],[23.20459353733985,8.309890405820228,20.551066070609647])
(3,[0,1,2],[9.221166919326418,-15.08509698744502,-6.709998369484259])
(3,[0,1,2],[26.78640268377011,5.678914123424771,16.058997652022743])
(3,[0,1,2],[12.466516019812039,-3.0712860018150705,5.371975775112308])
(3,[0,1,2],[10.481508551663264,-14.615281531397398,-2.636579271374675])
(3,[0,1,2],[7.220972094591932,-13.966012137239625,-8.494151712524847])
(3,[0,1,2],[-4.187070312168816,-22.294744248741008,-13.900143688598558])
(3,[0,1,2],[-0.28495900304487887,-14.468293485084342,-7.831157305699687])
(3,[0,1,2],[6.018974068573614,-3.1868685302200035,7.457566582288663])
(3,[0,1,2],[7.87004016044053,-11.246860014333272,-1.552929088951382])
(3,[0,1,2],[-3.2670201632364995,0.03579842010128251,1.546659796452383])
(3,[0,1,2],[4.230782628451074,-13.8314130445638,-11.970386474721519])
(3,[0,1,2],[3.37641619749975,-15.96234699543422,-13.112451781393109])
(3,[0,1,2],[15.416739408107576,-6.302231631908226,2.5372781291604563])
(3,[0,1,2],[-11.244914934129943,-23.428153085351518,-21.272314801869527])
(3,[0,1,2],[3.390826294941734,-13.206186196693011,-12.60416357989476])
(3,[0,1,2],[5.620440265609971,-5.965922507732145,-0.3315365290250343])
(3,[0,1,2],[1.4933732538550442,-15.515046169715063,-15.66917640228575])
(3,[0,1,2],[20.123243953570775,4.956799890435565,16.012835001685353])
(3,[0,1,2],[-2.387284977049668,-19.89182095280971,-17.522117950238524])
(3,[0,1,2],[6.771965752245722,-15.162086584499924,-7.245848824477115])
(3,[0,1,2],[-2.5705866773679418,-21.168245475058455,-17.325170045847425])
(3,[0,1,2],[9.048843789709212,-5.880632379563061,3.402826812425933])
(3,[0,1,2],[8.971367292334557,-15.649978694926691,-6.019583687070721])
(3,[0,1,2],[5.92601199225162,-9.402844817770793,-6.465363829442479])
(3,[0,1,2],[-6.274120594394526,-29.742328573824143,-27.244556366246847])
(3,[0,1,2],[-7.42767337244809,-4.727528160532513,-4.765548562723142])
(3,[0,1,2],[1.114586779250124,-9.30242064253628,-14.412581157358193])
(3,[0,1,2],[10.95680422504244,-6.2387505054973555,-1.7206853084090743])
(3,[0,1,2],[-0.335359367824547,-16.822201573651355,-15.103532715618577])
(3,[0,1,2],[4.586231552912418,-11.070417866599103,-5.4158339925083325])
(3,[0,1,2],[-5.709116854949533,-25.244223006827287,-17.643990100821295])
(3,[0,1,2],[-3.9520194616507776,-21.18158597102385,-14.092242842659518])
(3,[0,1,2],[-0.27531097598223586,-16.801488000174388,-10.616392841310212])
(3,[0,1,2],[27.20938591716221,13.446542094222162,24.055583790127223])
(3,[0,1,2],[-3.256509576355591,-22.57675113355009,-20.555576356807368])
(3,[0,1,2],[0.36542234126239515,-8.315693251305476,-0.8126777301930175])
(3,[0,1,2],[17.967066373174617,3.1348234824417474,13.90981737639555])
(3,[0,1,2],[-11.5019476786281,-18.92292592847906,-16.61624828833152])
(3,[0,1,2],[2.162772969250555,-14.977369951891529,-11.79443260446604])
(3,[0,1,2],[0.055316997659410116,-20.66763980563902,-10.989975952136646])
(3,[0,1,2],[1.480042846676964,-12.517778047868909,-12.619172657319659])
(3,[0,1,2],[17.43877215170192,2.3834460372932686,12.955068771323571])
(3,[0,1,2],[-7.161942824130747,-24.268863139331295,-13.001234250737136])
(3,[0,1,2],[5.988191749825847,-13.40169573543167,-8.483131572713019])
(3,[0,1,2],[2.295467481042809,-12.865080135486046,-5.155159704098063])
(3,[0,1,2],[3.55833319488428,-12.007565370059117,-10.047384294600217])
(3,[0,1,2],[2.3878372972732604,-15.253534402747842,-15.846590537048746])
(3,[0,1,2],[13.286047680661794,-0.8203363344252969,12.66615438722346])
(3,[0,1,2],[-2.7463680208617287,-21.163705108476787,-15.34437404953194])
(3,[0,1,2],[-7.60170550147898,-16.37936937678185,-13.29639986405091])
(3,[0,1,2],[5.4559668395592436,-10.902894142058505,-3.889884194864057])
(3,[0,1,2],[4.9012524421422885,-4.078430876885572,0.4877227368575483])
(3,[0,1,2],[11.056252756266256,-12.01918709892968,-4.529484852747354])
(3,[0,1,2],[3.045744275821388,-10.922228980043485,-10.584870909599935])
(3,[0,1,2],[7.963003228083601,-8.254855747363049,-0.37783320305565526])
(3,[0,1,2],[7.50817435028851,-9.016442661529945,-5.3974850520997055])
(3,[0,1,2],[2.7570221870129346,-6.991434759826988,1.940212548049746])
(3,[0,1,2],[11.067054490539617,-13.476913486917466,-2.3785310988485704])
(3,[0,1,2],[-4.245428462392968,-8.409622492612629,-4.600961250457724])
(3,[0,1,2],[-1.7664554500633018,-11.295705907834032,-16.91561259119069])
(3,[0,1,2],[22.99018545155183,7.892253410065763,18.70729171629293])
(3,[0,1,2],[7.859068702187784,-1.7538552164203094,3.357819182923399])
(3,[0,1,2],[4.544943754981823,-8.438053595119692,-5.666457557944623])
(3,[0,1,2],[11.222310608445829,-10.265737465230476,-2.2476026379750578])
(3,[0,1,2],[3.2609422411351408,-5.782524001334009,-6.73849854165163])
(3,[0,1,2],[11.03879488502436,-7.309597792727784,8.314484777745163])
(3,[0,1,2],[-4.401498394004162,-22.267135750225094,-11.439156909260099])
(3,[0,1,2],[0.3830496637947921,-15.36105172378386,-8.357049507650363])
(3,[0,1,2],[9.207505991017701,-5.250591591475201,2.988236557426223])
(3,[0,1,2],[10.543707615082434,-3.4493028792072056,8.626597739282191])
(3,[0,1,2],[2.5680567799656226,-7.7540938615456305,0.32221808149340525])
(3,[0,1,2],[0.38962943603978406,-9.20827501057908,-13.03441910449433])
(3,[0,1,2],[16.922401100282716,2.5211193218471437,12.097170600036026])
(3,[0,1,2],[12.372675196229535,-2.077989777105685,5.612362393600245])
(3,[0,1,2],[21.224988546502207,7.056971749904519,18.925573517832678])
(3,[0,1,2],[12.537968975219332,-2.5990803013205204,5.868484251314548])
(3,[0,1,2],[6.145488479843557,-7.7927359535375995,2.8463610503811836])
(3,[0,1,2],[2.3029743951652826,-15.119697243555596,-12.681090480935563])
(3,[0,1,2],[6.124599296087171,-5.801803017398537,-1.7008847540444294])
(3,[0,1,2],[21.747202841075957,6.883242778652684,16.525130606689707])
(3,[0,1,2],[5.035322459107246,-16.201153061271135,-10.782439707664647])
(3,[0,1,2],[12.561937338295085,-6.000213478393524,1.205492615865022])
(3,[0,1,2],[19.33879043807488,-8.250521717940456,5.5063456168522364])
(3,[0,1,2],[12.272562574489708,-3.909675485362255,6.448705979620815])
(3,[0,1,2],[4.756197833594591,-7.700298973447812,-4.899909191387875])
(3,[0,1,2],[-5.47198070555444,-16.551147983265892,-14.344923432163263])
(3,[0,1,2],[10.048056698726741,-12.29979711906579,-3.0913232035911586])
(3,[0,1,2],[-2.545957836812142,-14.520889663164871,-7.591680219831482])
(3,[0,1,2],[1.932284361453638,-9.171210060312337,-12.882441878747795])
(3,[0,1,2],[31.347276326566192,1.2887975745664313,20.281402302843095])
(3,[0,1,2],[19.06598246925834,3.524133850275745,12.589141188443703])
(3,[0,1,2],[-3.68721572672706,-17.388073286436295,-10.205879046732708])
(3,[0,1,2],[3.9725412666714535,-9.551989586464586,-5.905288602388325])
(3,[0,1,2],[-3.300213275286829,-18.23147852290639,-17.77343664351605])
(3,[0,1,2],[10.217755506187665,-13.513981809681862,-4.757313742907767])
(3,[0,1,2],[13.726563918032832,-0.6252408650782999,9.54026558995974])
(3,[0,1,2],[1.7322529371332565,-16.079210701878928,-5.60651136928591])
(3,[0,1,2],[7.566652851531936,-12.391411416086514,0.8973509971909328])
(3,[0,1,2],[-3.8766794453756637,-21.47240929433977,-14.691658897542435])
(3,[0,1,2],[3.0447716864562424,-11.70933982713112,-9.020454598410284])
(3,[0,1,2],[7.922790082970437,-8.55728764227127,1.3040465558844938])
(3,[0,1,2],[19.11311886865589,4.7487860501253705,15.603591913009334])
(3,[0,1,2],[1.5681351855199337,-14.831024044671715,-13.361719705846713])
(3,[0,1,2],[3.474855261482527,-18.285656382006884,-14.29045336615438])
(3,[0,1,2],[1.7913923561030844,-6.02070676138956,1.3649197412724836])
(3,[0,1,2],[-4.858858726713476,-9.667067545498808,-5.37163696911674])
(3,[0,1,2],[5.498832312480322,-9.736612434087387,-4.9115965326072555])
(3,[0,1,2],[-1.2371282660172955,-14.134105322532468,-6.921462271034739])
(3,[0,1,2],[14.188701020927931,-1.5271620133713175,10.073640657334632])
(3,[0,1,2],[1.3143240620194838,-8.813755594487233,-2.6422707338950753])
(3,[0,1,2],[4.45964525553165,-6.332630489879048,-2.658741126358956])
(3,[0,1,2],[3.086271321499381,-8.6730954454196,-12.10063968442049])
(3,[0,1,2],[6.260004689226559,-6.879976122258683,-2.5857670994484043])
(3,[0,1,2],[1.3140944729362989,-11.680435279716104,-13.802996925877911])
(3,[0,1,2],[16.959297243308168,1.6497351950175978,11.476240820563648])
(3,[0,1,2],[7.962603346233368,-2.038652580272785,8.774908879754046])
(3,[0,1,2],[15.133013602659265,0.47725192063373056,9.585628505911982])
(3,[0,1,2],[23.023237837649134,9.244130207593003,21.022079945574102])
(3,[0,1,2],[-2.5674298847511596,-18.8361062128794,-11.98232955978106])
(3,[0,1,2],[21.879424214388152,6.343634909246834,17.64129399291442])
(3,[0,1,2],[3.621586317382117,-8.167800467006806,-0.8091513040123774])
(3,[0,1,2],[4.881904005692429,-9.851936280179393,-7.3212421203694955])
(3,[0,1,2],[12.434217895897715,-4.0381052931850645,6.137876071087884])
(3,[0,1,2],[1.1019444569174839,-11.483939392578186,-15.12495587513775])
(3,[0,1,2],[5.041141679005329,-12.429461944054854,-9.488682081221038])
(3,[0,1,2],[7.680424014725682,-7.149995417128185,0.5121299789232698])
(3,[0,1,2],[6.575952420124961,-7.930856828867869,-2.4172021370175707])
(3,[0,1,2],[12.742234333914068,-9.393857391412627,6.486785238722948])
(3,[0,1,2],[6.338407218995722,-9.61608510956094,-3.200707357024865])
(3,[0,1,2],[1.0554246684643558,-16.061265208242983,-11.763711791923672])
(3,[0,1,2],[4.5761286727486095,-11.567605325545209,-4.5779411513449215])
(3,[0,1,2],[1.4299125501953034,-11.085379717473977,-14.462640071260317])
(3,[0,1,2],[-0.16227514692408385,-11.333827916186598,-5.4315332938862575])
(3,[0,1,2],[17.577849028646618,2.13417953398094,2.1364556489128876])
(3,[0,1,2],[0.339447257065729,-16.237373685250894,-13.213477703446738])
(3,[0,1,2],[23.75908299526161,2.891875782246387,12.141364886781671])
(3,[0,1,2],[1.0073261424578874,-13.813121255324344,-10.061457582623623])
(3,[0,1,2],[12.369492736614484,-7.9787425841461665,-2.7314665699217278])
(3,[0,1,2],[14.699039485964443,-1.4735215249011773,8.894476812018956])
(3,[0,1,2],[4.641256002125781,-6.6597997632803505,-7.481627781675925])
(3,[0,1,2],[11.823457495057792,-11.181682702276857,-0.0984167068902595])
(3,[0,1,2],[-3.292382276514597,-17.147272157059813,-7.527075532623845])
(3,[0,1,2],[5.377458947079959,-10.481292155851557,-3.073874387716669])
(3,[0,1,2],[-3.6618900296484975,-3.290466021872173,-0.7068797743820034])
(3,[0,1,2],[1.5159655569332071,-17.321594947929917,-7.638002965967786])
(3,[0,1,2],[18.14081118279031,2.856695928927647,14.498619605450294])
(3,[0,1,2],[-4.752798809664528,-17.843853462285086,-10.224098755778694])
(3,[0,1,2],[2.904601128634956,-8.383993095327842,-11.005750843221383])
(3,[0,1,2],[3.916796456744414,-6.838738450959772,1.3657439070549067])
(3,[0,1,2],[5.577158552998318,-6.145394055742151,0.14546575276562712])
(3,[0,1,2],[3.8787530271766,-14.139532869539217,-12.00990152846629])
(3,[0,1,2],[5.692135272526791,-10.022359240373591,-3.7486140171124385])
(3,[0,1,2],[-0.09453910953447497,-14.029515885909683,-10.875642830487378])
(3,[0,1,2],[21.71338720465445,6.748857914014653,18.42805519809778])
(3,[0,1,2],[8.549960624057773,-13.556711173918554,-5.549277682603758])
(3,[0,1,2],[11.663904934264629,-4.107397180386803,5.948267350388532])
(3,[0,1,2],[12.687805459141257,-2.8752208552384326,4.891983982994503])
(3,[0,1,2],[1.3220003683236206,-13.64966595772301,-15.326386968012631])
(3,[0,1,2],[-2.1075743130151094,-23.83314910871098,-13.933108184264128])
(3,[0,1,2],[4.259898634431566,-6.782978224695184,2.671121799420177])
(3,[0,1,2],[3.7458841743562736,-13.146541173965032,-11.715972320438874])
(3,[0,1,2],[25.53809646885486,11.721877186350852,23.589331887889912])
(3,[0,1,2],[16.94092209782972,1.0814056347073502,11.139857163089967])
(3,[0,1,2],[26.088830845612016,12.2143160640404,23.96184268235418])
(3,[0,1,2],[3.2057375867744513,-7.402683893910438,-10.432278665252356])
(3,[0,1,2],[-3.3299820612086712,-19.1464026701557,-27.6162316443547])
(3,[0,1,2],[0.5744795295201959,-10.93230993919503,-15.154150846311055])
(3,[0,1,2],[-1.0267601501160817,-19.248212425686166,-15.913102394605238])
(3,[0,1,2],[-2.1331905924734746,-1.6351320231619093,1.5349581428152779])
(3,[0,1,2],[6.189907299352343,-11.027574905165617,1.2474685273413093])
(3,[0,1,2],[1.9613966792668753,-13.727443182479192,-16.08123866413056])
(3,[0,1,2],[11.170814249651846,-4.047553008506158,4.494519019985384])
(3,[0,1,2],[0.006048734053794469,-17.978715786335968,-9.772905768790286])
(3,[0,1,2],[1.9870560084345565,-8.883415955201436,-10.633327848554842])
(3,[0,1,2],[18.623066570767786,-7.643346798816838,4.553884986489249])
(3,[0,1,2],[3.9590721396575423,-10.610270862291127,-8.75884258753669])
(3,[0,1,2],[2.4982466542449373,-9.195919958151679,-8.257112298247996])
(3,[0,1,2],[21.69847854591009,-5.901619340096852,9.799388300878666])
(3,[0,1,2],[1.9397546652536575,-10.636263140114202,-5.869433506687458])
(3,[0,1,2],[2.2404738466746013,-10.033600445667405,-6.6769716200755385])
(3,[0,1,2],[0.09272612060431384,-15.453058058571832,-8.432249449165617])
(3,[0,1,2],[-7.007412465889559,-25.27674245875103,-17.337970646260104])
(3,[0,1,2],[15.559078510819935,-12.053546592048038,0.18571676847089602])
(3,[0,1,2],[17.363916236561405,1.674659943705297,11.696866320362187])
(3,[0,1,2],[-3.28201988273699,-15.509931922335104,-11.193755002425972])
(3,[0,1,2],[4.053546921729068,-18.385847275120238,-15.255070618308876])
(3,[0,1,2],[6.831497870302947,-9.234069424600913,-1.2081311126398355])
(3,[0,1,2],[1.524550725502343,-15.588841362364377,-13.54511281335505])
(3,[0,1,2],[-3.4752051304174767,-23.07112869005101,-18.724135609955358])
(3,[0,1,2],[16.43745879235639,0.9547183183888007,12.648080359838538])
(3,[0,1,2],[-7.0004135404004755,-16.429593836597377,-13.012195498551353])
(3,[0,1,2],[-2.200982120074555,-16.811654128568183,-8.348491165091737])
(3,[0,1,2],[3.2782808480253887,-10.18578301400191,-10.113176916473833])
(3,[0,1,2],[17.24118114791062,-8.178769729088518,3.7358574175717334])
(3,[0,1,2],[18.20938178364505,3.0351306242691956,14.195301666682123])
(3,[0,1,2],[-5.825529637645969,-24.0570297602075,-15.507972577672382])
(3,[0,1,2],[5.551604725304119,-6.1768658880090825,0.28640624414370075])
(3,[0,1,2],[1.5851798886904847,-15.172847473763062,-11.558917278361552])
(3,[0,1,2],[-0.12126023379389794,-14.910192850944465,-9.195331221162238])
(3,[0,1,2],[-3.1370085854693057,-18.775626529353843,-11.519798374369827])
(3,[0,1,2],[13.957185516614388,-6.226439960015961,0.4563195767644683])
(3,[0,1,2],[-3.7419340298571773,-20.883395750746715,-13.517164527888767])
(3,[0,1,2],[2.341055424883492,-12.679184720377037,-10.869349154778504])
(3,[0,1,2],[4.579526329090241,-6.284759599828353,-3.434271478433559])
(3,[0,1,2],[11.988552527053578,0.7153934633638002,13.023575891169843])
(3,[0,1,2],[0.5225980899513721,-11.759008177975225,-3.5070404184352864])
(3,[0,1,2],[3.199429738821089,-13.49409152866486,-11.173596913903554])
(3,[0,1,2],[-2.594752982305631,-22.817301650355773,-17.354709143632647])
(3,[0,1,2],[7.725942627865883,-0.5921565368510397,3.645040104717586])
(3,[0,1,2],[0.21472208403419746,-12.804410602325534,-16.149593937034226])
(3,[0,1,2],[32.04571308368557,18.135551855521975,33.736593870646935])
(3,[0,1,2],[1.6569647314197284,-9.157862268316318,-13.441016902806112])
(3,[0,1,2],[-1.958972823164279,-18.432613361711176,-12.733322276216615])
(3,[0,1,2],[16.526589985607956,-8.583126787424902,2.6496332893456906])
(3,[0,1,2],[12.578123782075291,-5.466806208592798,-1.103172246432722])
(3,[0,1,2],[-1.5615329896778014,-8.346645578269206,-4.818800999375636])
(3,[0,1,2],[-3.1080025647947345,-18.765108821808717,-9.111745457881062])
(3,[0,1,2],[8.691517148789195,-13.338933862478473,-4.264569458510403])
(3,[0,1,2],[0.5684450600268929,-12.26012472529085,-9.018327317594778])
(3,[0,1,2],[0.3651035486502566,-11.319387233865672,-3.741928857454375])
(3,[0,1,2],[18.605277964605122,0.33750192948627866,7.551232102525078])
(3,[0,1,2],[4.348877242377431,-2.083165257058459,5.417671020790663])
(3,[0,1,2],[14.665536574309643,-0.8027965408081511,10.800635107413937])
(3,[0,1,2],[-1.4535475795578299,-17.827899655333997,-11.826737719365555])
(3,[0,1,2],[-5.743667084431193,-15.21618621833212,-10.874474224571792])
(3,[0,1,2],[9.680134281047355,-5.571165177373927,3.8669386746982535])
(3,[0,1,2],[10.700393461848968,-1.845151992023823,-1.4493064490711747])
(3,[0,1,2],[-2.861245670812006,-21.06696339812941,-13.544954681790662])
(3,[0,1,2],[-1.1415772177465464,-15.654352454997017,-10.621800101318788])
(3,[0,1,2],[11.917156317678309,-2.9400649703272617,6.26727482214622])
(3,[0,1,2],[5.96520276883442,-6.05192843554288,-0.1253161769560831])
(3,[0,1,2],[23.932440132622826,8.550451552280297,21.5348317866938])
(3,[0,1,2],[15.876161459727733,-2.0911647186855875,5.353547638997736])
(3,[0,1,2],[-0.3801555561768386,-18.183803030835545,-13.082429451837125])
(3,[0,1,2],[4.799544653478982,-7.9176148050632955,-7.706001102413761])
(3,[0,1,2],[7.794600917792649,-2.605237568300903,3.640309693913491])
(3,[0,1,2],[-11.965710396714886,-13.19307481687584,-14.656418565194201])
(3,[0,1,2],[1.4351192148324783,-15.284808643238803,-11.414553034665534])
(3,[0,1,2],[1.2242405535928684,-14.0010679888184,-15.39901907126957])
(3,[0,1,2],[9.850572961867547,-8.469981824551539,4.616491101153718])
(3,[0,1,2],[23.77526843943243,9.716810689244618,22.21324701031475])
(3,[0,1,2],[17.418307889739662,-3.358271118715175,6.31558147190057])
(3,[0,1,2],[7.595078253255944,-3.226010223587611,4.058590408578424])
(3,[0,1,2],[-0.7401106560691405,-12.679851627938655,-6.228205666741324])
(3,[0,1,2],[11.22360702419684,-5.061323848768101,3.4369445750293677])
(3,[0,1,2],[4.713523053894003,-8.348252336060593,-5.578272223991913])
(3,[0,1,2],[12.718251935126574,-10.674700583541092,-1.4064314118324237])
(3,[0,1,2],[13.033787507259738,-2.1525358516463293,7.231271264940472])
(3,[0,1,2],[24.747506582189274,9.594706348782337,20.975497424141142])
(3,[0,1,2],[0.0842733351748588,-10.723180398967301,-10.71064354569809])
(3,[0,1,2],[13.90736000641372,-7.995958444661685,-2.4802964191922916])
(3,[0,1,2],[1.855431155199112,-15.535405013899934,-4.586943189015372])
(3,[0,1,2],[-2.933510067046771,-17.065368137771458,-8.853397116411909])
(3,[0,1,2],[-1.9467727952144418,-10.219176571413577,-5.011827499102105])
(3,[0,1,2],[-0.16184064507867113,-15.046517965781995,-10.908093938553558])
(3,[0,1,2],[0.1257463490171753,-1.3821458755296898,3.3512443516144894])
(3,[0,1,2],[0.608502853358226,-21.252471987932775,-16.02708241620539])
(3,[0,1,2],[-0.45112427559106627,-16.648577162723523,-9.963799145897372])
(3,[0,1,2],[1.2532329560932256,-15.61964918289977,-16.069821780275568])
(3,[0,1,2],[8.30104504292878,-7.512633554463658,0.3442760360341317])
(3,[0,1,2],[0.6062323069915431,-13.146025957986671,-9.012697322895226])
(3,[0,1,2],[5.196783259345651,-11.930197171681627,-0.05510928407835225])
(3,[0,1,2],[16.712926063784707,-1.9543689291439563,5.388560643392937])
(3,[0,1,2],[2.395997593550372,-17.688183625140873,-19.594404532372927])
(3,[0,1,2],[7.137806479540848,-13.056172497260274,-7.99629563944673])
(3,[0,1,2],[1.3881989130033814,-18.82092508844319,-18.195941583338197])
(3,[0,1,2],[3.9938932992938376,5.3467837719957885,11.559794518036636])
(3,[0,1,2],[9.239530925289012,2.123990172458936,12.332420367937624])
(3,[0,1,2],[1.2553623007624566,-12.722996340682625,-7.923352709624048])
(3,[0,1,2],[20.64992710717657,-7.341406780105498,6.438109929886159])
(3,[0,1,2],[1.5020867047805542,-11.038174428908158,-3.4377285621010403])
(3,[0,1,2],[0.39736382494512723,-9.832398458918968,-13.355502507971647])
(3,[0,1,2],[16.868974034908124,-9.227715066835483,-0.3377969454119092])
(3,[0,1,2],[5.928778951941104,-9.643909625902669,-3.14349224204716])
(3,[0,1,2],[8.451886875907462,-10.257295139109786,-5.7341555952404555])
(3,[0,1,2],[2.336332239027225,-12.91106084473429,-9.148428568672609])
(3,[0,1,2],[13.429972489376166,-2.0590167832239796,7.488475806653356])
(3,[0,1,2],[1.8566165441704447,-9.007297224278858,-10.787012641612158])
(3,[0,1,2],[9.546220514072415,-6.825480372255229,-4.741396016100433])
(3,[0,1,2],[11.219135132484212,-12.548815672569809,-4.218076560867283])
(3,[0,1,2],[-3.902605977833283,-12.991314164234424,-9.759540890299077])
(3,[0,1,2],[-1.152777132652594,-18.6685958819362,-11.126613675196962])
(3,[0,1,2],[9.644262249497181,-13.511203942297186,-6.206718341636338])
(3,[0,1,2],[3.3107948799591576,-7.96670474302366,-2.7624195602070296])
(3,[0,1,2],[6.99430826343206,-7.5813217896834,0.023323121986301043])
(3,[0,1,2],[0.04094572133382757,-15.10736872656826,-11.741875799146229])
(3,[0,1,2],[3.1162059794485715,-9.288016616697817,-10.952618545233051])
(3,[0,1,2],[2.412142524537086,-10.652544879859466,-12.897640490822127])
(3,[0,1,2],[2.182193376437948,-14.016581148279169,-13.524045490535718])
(3,[0,1,2],[17.249840343559192,2.935179718762332,13.243009106567424])
(3,[0,1,2],[8.845660367297837,-8.214933405839364,0.9070797368852186])
(3,[0,1,2],[9.471801002579252,-6.973626921508883,1.139875210993838])
(3,[0,1,2],[9.848384033092842,-4.032411572015436,-1.172671997756269])
(3,[0,1,2],[15.686173283442121,-3.734489126787277,11.460888928919411])
(3,[0,1,2],[13.412654443367664,-2.746960288749891,11.894258038955545])
(3,[0,1,2],[-9.400968614683606,-11.221336075326981,-11.620477770042458])
(3,[0,1,2],[-5.792557577611596,-24.09791246453986,-19.163438702963703])
(3,[0,1,2],[3.6708756400087585,-13.074354292712385,-7.921907522133758])
(3,[0,1,2],[-1.2008043579456282,-17.71367738322073,-18.583508273346755])
(3,[0,1,2],[4.204053223597032,-7.546278593004043,-3.952301081558197])
(3,[0,1,2],[30.397361319353475,15.937248470553833,29.68061973246742])
(3,[0,1,2],[10.763843918104723,-9.553291340711532,0.5688016538300253])
(3,[0,1,2],[11.984994143677362,-5.452772497297557,-1.0849242140930002])
(3,[0,1,2],[6.087996650355034,-7.023447904529901,-1.9954449316599083])
(3,[0,1,2],[-0.22795306488433065,-18.563580651313075,-12.636039836339357])
(3,[0,1,2],[2.8369968374418315,-6.132658497249281,-6.013096255565751])
(3,[0,1,2],[30.695179391556206,16.386380492502028,28.04645265905077])
(3,[0,1,2],[5.04554293497951,-12.760794860075226,-9.892056030980426])
(3,[0,1,2],[-6.583100902377332,-27.067354886724775,-15.863978203140801])
(3,[0,1,2],[-0.19767599973896854,-12.45847692781972,-4.677404957747687])
(3,[0,1,2],[0.5484496249880857,-9.979906047413984,-12.220668890113359])
(3,[0,1,2],[14.671654205832573,-1.9256658174949721,8.310517278805689])
(3,[0,1,2],[-1.5493477471315593,-18.020926530431066,-11.164370384224338])
(3,[0,1,2],[11.784558097667226,-11.436219151830379,-3.331224842892688])
(3,[0,1,2],[-7.188073420923014,-17.424125475633925,-12.361936798125257])
(3,[0,1,2],[-0.7776403933617418,-11.604215803538972,-6.757282049551806])
(3,[0,1,2],[3.072032744489473,-10.089454283089854,-9.545115691267188])
(3,[0,1,2],[4.526640181043578,-12.432657194084175,-11.569613837560407])
(3,[0,1,2],[6.703104438791335,-9.788833333957047,-3.3477260130097224])
(3,[0,1,2],[15.49055816208756,-2.577433712095122,13.99893704472037])
(3,[0,1,2],[1.384619034341329,-18.046373206894312,-15.659298519210378])
(3,[0,1,2],[8.996353093230837,-4.790175986630304,7.059097516501372])
(3,[0,1,2],[3.3047517418460517,-12.563333612064081,-9.805254679766264])
(3,[0,1,2],[1.6434545960688556,-14.99792404322142,-13.474749020942257])
(3,[0,1,2],[1.3717489268460226,-13.66706977219502,-13.06383273610895])
(3,[0,1,2],[23.03932283826375,-0.7590947819594109,8.953761259765884])
(3,[0,1,2],[15.043709050647154,-0.22412430837356767,10.220071735577527])
(3,[0,1,2],[6.439268671673493,2.7188574181718925,11.814221352696133])
(3,[0,1,2],[3.2447147792617743,-12.138190163640797,-13.122822923104142])
(3,[0,1,2],[20.316352934942014,5.93936047393913,17.795809259464217])
(3,[0,1,2],[6.241249780356114,-9.578639556080825,-10.584087061753024])
(3,[0,1,2],[-1.8123052295091346,-14.001228635776677,-8.505102587222694])
(3,[0,1,2],[-2.9664333398839435,-11.996604054106172,-6.080270900845772])
(3,[0,1,2],[20.04051130122133,-6.253708310328241,7.272995801081477])
(3,[0,1,2],[-1.4138104703102607,-9.360694111404449,-4.066773057697574])
(3,[0,1,2],[17.66345948345598,2.5510340038837467,13.894555743315182])
(3,[0,1,2],[9.680010683224106,1.2067079595585524,13.075004185048293])
(3,[0,1,2],[-0.5818891042910912,-20.534051038091693,-17.532176867182113])
(3,[0,1,2],[-9.311892331233594,-30.355636234316457,-21.41072744755085])
(3,[0,1,2],[-5.085398251845683,-18.03977816936643,-6.908350369428346])
(3,[0,1,2],[-0.33059609444607474,-15.180498367183734,-7.2515260261040115])
(3,[0,1,2],[3.64808244325698,-6.6607436148505155,-3.7857477487199684])
(3,[0,1,2],[5.841408481903278,-19.70039169777449,-13.000165296093623])
(3,[0,1,2],[18.553558039625408,3.4541623188939896,15.82052748579272])
(3,[0,1,2],[13.293140503216852,-3.2161127014496307,10.639740088224485])
(3,[0,1,2],[8.799049017620664,-7.939517720260286,1.340131317775025])
(3,[0,1,2],[9.13170229948879,-15.865737881506762,-7.4444008335223595])
(3,[0,1,2],[4.0050929600171905,-5.890722112851906,-3.6382917683910136])
(3,[0,1,2],[17.6466138803272,3.1553139848962046,14.233825843283247])
(3,[0,1,2],[8.024308843018874,9.524699129588608,18.54722969102631])
(3,[0,1,2],[3.027794694704482,-13.134538011492852,-11.363831433685409])
(3,[0,1,2],[13.719577971039852,-3.521925640788008,-0.41872695497146273])
(3,[0,1,2],[5.8377353376334815,-3.377636604926782,0.231464214141339])
(3,[0,1,2],[-1.0220999126916035,-15.262203655646655,-10.077353393872674])
(3,[0,1,2],[-2.3153408230721135,-21.442383017007522,-17.73144758312077])
(3,[0,1,2],[-8.58849679466381,-15.656541391300127,-13.370383376129237])
(3,[0,1,2],[7.175638044752431,-7.515551926536109,0.509897809562051])
(3,[0,1,2],[-2.1369903443342384,-17.531390530599417,-9.682617216432735])
(3,[0,1,2],[2.8045881845280647,-12.989421143399415,-11.32583254480557])
(3,[0,1,2],[3.4016158024251633,-17.116624093277927,-5.403391896505686])
(3,[0,1,2],[22.442296442074927,8.252892383797771,19.865147693656958])
(3,[0,1,2],[28.33858279104669,12.835234238325901,27.080812860115483])
(3,[0,1,2],[9.620479947375154,-11.065198514548582,-5.236349183395067])
(3,[0,1,2],[5.479965876235566,-2.5617083198187043,-1.4694843752145046])
(3,[0,1,2],[18.484035355441062,2.266095308421494,14.597691027552434])
(3,[0,1,2],[2.774153468159585,-10.757242377471371,-7.361935913567379])
(3,[0,1,2],[5.586034887277302,-12.082341574941907,-6.7571668848959625])
(3,[0,1,2],[7.908224469749203,-14.362444782805301,-4.7803953088086315])
(3,[0,1,2],[2.0120708356723473,-11.565755787409485,-11.56115700576154])
(3,[0,1,2],[-11.121393181479526,-15.693155777678292,-15.415114165103452])
(3,[0,1,2],[20.901818012487873,-2.5633528468475535,7.574337109120339])
(3,[0,1,2],[23.658157637035846,7.94782872101611,21.023780273607336])
(3,[0,1,2],[5.987293669685419,-6.358734478770437,-4.066794912901459])
(3,[0,1,2],[1.2687973422868781,-21.091985049276047,-14.291378282481286])
(3,[0,1,2],[10.99319209971001,-12.828259110387506,-3.9836907096540854])
(3,[0,1,2],[-0.2750052663211098,-15.12755092364074,-6.607417459755553])
(3,[0,1,2],[1.355551904848324,-16.544944666361772,-16.73642632349943])
(3,[0,1,2],[4.911964781603615,-9.676251835836615,-11.137888391612215])
(3,[0,1,2],[4.145418823408874,-10.331611806218877,-7.014419594562009])
(3,[0,1,2],[2.9946397355969716,-14.846104162087862,-15.12837939132731])
(3,[0,1,2],[-2.7268532779931256,-21.00553906239596,-15.65143856628851])
(3,[0,1,2],[0.8659288795822122,-18.343607071254404,-19.13201273575776])
(3,[0,1,2],[10.143404180653022,-8.62904620235271,-4.998203894378737])
(3,[0,1,2],[20.32261975467494,6.117451274018908,16.53025292492979])
(3,[0,1,2],[14.44903074828876,0.4377647486159025,10.623847850512975])
(3,[0,1,2],[-1.2512226928760704,-6.038187833376854,-0.737965340790268])
(3,[0,1,2],[2.3247401573608224,-16.655326686815666,-13.950457639721568])
(3,[0,1,2],[11.074214742871572,-4.517147708991577,5.2688139420821685])
(3,[0,1,2],[22.38554245088118,-0.6250610493757602,11.052999131904318])
(3,[0,1,2],[9.304879891854272,-14.32646377102783,-6.582328660663698])
(3,[0,1,2],[2.592703969842173,-16.580045957961598,-12.390683331990065])
(3,[0,1,2],[-1.298402908379201,-15.215693440805515,-6.359979211500516])
(3,[0,1,2],[10.533333320296782,-4.735659679573159,5.625604858933021])
(3,[0,1,2],[-0.6670827566938211,-19.468292257603018,-18.94650426457737])
(3,[0,1,2],[-1.9114380453087696,-22.147541311864543,-20.046737818881226])
(3,[0,1,2],[1.6010551929728936,-9.293480277008438,-14.198908418135062])
(3,[0,1,2],[3.25925481858169,-15.769524728311579,-5.227725349151666])
(3,[0,1,2],[22.233005806745545,-3.7305173931635642,9.90452663381353])
(3,[0,1,2],[0.8048116012998324,-11.560925368397644,-4.850021025239623])
(3,[0,1,2],[12.259964408552019,-1.7985125067663492,6.790127245040751])
(3,[0,1,2],[1.6094104926417274,-11.244446872046993,-11.755090962103282])
(3,[0,1,2],[16.234319887576717,1.8683922410270464,12.209151466992317])
(3,[0,1,2],[0.10844218115636295,-15.205219628084098,-10.971398057125558])
(3,[0,1,2],[-0.8476309150514637,-13.647237122259671,-6.9267202289019165])
(3,[0,1,2],[4.173814878756001,-9.265617068792356,-9.254401228589563])
(3,[0,1,2],[8.217373880250287,-11.412025282696742,-9.710096647866735])
(3,[0,1,2],[1.1797729997585364,-15.201357824784548,-10.332568385903594])
(3,[0,1,2],[-5.3515749158117245,-11.362642571487426,-7.530257267946489])
(3,[0,1,2],[-3.8607094793113683,-19.032463469950066,-11.851712270538133])
(3,[0,1,2],[2.8581471708781336,-12.339006549640006,-12.368804024017166])
(3,[0,1,2],[0.19467043189440925,-15.513627042852349,-12.8253459054208])
(3,[0,1,2],[1.776417557811864,-11.838128307112683,-12.769303145317025])
(3,[0,1,2],[20.708328295327252,4.870420628767236,18.134643955413416])
(3,[0,1,2],[0.5771150191838674,-11.259227608873152,-3.8488190797222903])
(3,[0,1,2],[19.5076833691583,-8.226940806483896E-4,4.748139757981377])
(3,[0,1,2],[15.204295517630717,-4.080578668254527,4.479682922564592])
(3,[0,1,2],[13.618477984680183,-3.6282932058265724,12.100027763993179])
(3,[0,1,2],[1.346498665057231,-14.914868009466398,-10.43973028307499])
(3,[0,1,2],[7.988823620093646,-8.29383082854022,-0.5936822611959354])
(3,[0,1,2],[-3.9742616478387855,-18.040035614076295,-8.749022596841197])
(3,[0,1,2],[17.65047749266361,-5.120054393878508,1.490492490345142])
(3,[0,1,2],[-6.553950679221663,-12.402089117708744,-8.408789274009182])
(3,[0,1,2],[3.961388677203374,-4.9514607063061975,4.838069568321795])
(3,[0,1,2],[24.863950112936415,9.889671783771393,22.200264845835648])
(3,[0,1,2],[-0.8332465927094614,-16.882264239239163,-11.555979809767042])
(3,[0,1,2],[-1.8820188689477275,-17.165720703254248,-8.456143372667148])
(3,[0,1,2],[27.833797518620216,14.290422098691604,28.075505006434483])
(3,[0,1,2],[7.459360533199686,-8.191767580640294,3.8613244841595593])
(3,[0,1,2],[-5.091414934905366,-21.98931741156903,-13.107430413700932])
(3,[0,1,2],[-3.1938377415635557,-21.700238178419976,-16.914589865169074])
(3,[0,1,2],[3.234315477140054,-9.074086474576013,-10.246942664310083])
(3,[0,1,2],[10.061810461675881,-9.45545246616442,-2.609545861199296])
(3,[0,1,2],[2.9784029220938693,-9.695696258251862,-7.4145533577639435])
(3,[0,1,2],[24.72786136238594,10.664147830019303,23.99118562621792])
(3,[0,1,2],[15.306085278692183,-12.80803785585583,1.7111719681017337])
(3,[0,1,2],[9.873425928686236,-6.362863207330862,2.2677665916379635])
(3,[0,1,2],[0.3686582824571214,-16.96956964102519,-11.976106507636601])
