(3,[0,1,2],[-2.1023919309997705,-1.1965888473382917,-13.657060466841887])
(3,[0,1,2],[27.921953388290966,27.50590323327863,15.609976132675014])
(3,[0,1,2],[18.067283951941864,17.600837482912898,-1.4497292632570367])
(3,[0,1,2],[16.473414169457435,5.8114884793333115,1.7923307657369003])
(3,[0,1,2],[4.4630745275468495,-0.21605938609471181,1.7829775711503664])
(3,[0,1,2],[13.827539579586702,1.1640126045399337,-3.686066191219621])
(3,[0,1,2],[15.478098853924012,32.22002590823437,14.17977054797541])
(3,[0,1,2],[37.381308925818324,25.64772107587782,2.2679272471760705])
(3,[0,1,2],[26.430318577082396,9.237423044957556,0.5535905740223512])
(3,[0,1,2],[33.36530598844542,25.43593542118868,2.1504840468333635])
(3,[0,1,2],[33.86089993702128,39.00516271122786,28.657118350035148])
(3,[0,1,2],[15.455179771869465,-0.9695177783897697,1.0868325795933322])
(3,[0,1,2],[2.225129540929568,3.1502154871158776,-13.904845245920939])
(3,[0,1,2],[8.776042482409066,0.8666992246720269,-16.41126111844525])
(3,[0,1,2],[35.062796028777925,13.96155439873576,-1.3743405470496897])
(3,[0,1,2],[43.015044201689854,18.592163409203547,2.6075385545247416])
(3,[0,1,2],[3.3930275132699803,6.9077832300336715,0.3114990957997261])
(3,[0,1,2],[20.738555616328465,-0.8730148662094914,-12.25730011401588])
(3,[0,1,2],[22.618522147357368,5.129041818733454,-3.58440069004058])
(3,[0,1,2],[24.875166208753278,7.543323065551501,-2.4970482679121684])
(3,[0,1,2],[13.668737774252453,5.667408988783905,-6.73246351935911])
(3,[0,1,2],[24.10270799262273,16.01286899402675,3.9208448370078672])
(3,[0,1,2],[8.031438986316148,5.946041683122065,-7.446232937593112])
(3,[0,1,2],[9.991444700920063,6.948734463181993,-10.269245269400143])
(3,[0,1,2],[3.60703636000247,1.3663467334810222,-14.943775452754135])
(3,[0,1,2],[28.513094965205482,-5.7534751476262995,-16.577567616654974])
(3,[0,1,2],[4.249459554818533,11.881178379510242,-3.1173881228393556])
(3,[0,1,2],[22.331278190994382,16.699334250843656,4.2748332952026775])
(3,[0,1,2],[20.51212684645913,4.370624911331185,-3.6981494557708445])
(3,[0,1,2],[26.739839111630612,12.26129390724456,-9.511686943332451])
(3,[0,1,2],[6.7981162976075185,2.652791010377062,-12.390884904174834])
(3,[0,1,2],[-0.636999204169086,2.6547667082943915,-6.84724791249821])
(3,[0,1,2],[19.074710415846837,10.305407149304857,-2.511970131715207])
(3,[0,1,2],[20.81264532469403,11.931237847855686,-0.8907431351210744])
(3,[0,1,2],[4.252922265630052,4.0584707831570945,-10.96333530797153])
(3,[0,1,2],[26.005392539484838,28.24325801750654,16.447268360894036])
(3,[0,1,2],[10.638662096247414,7.977221452484564,-1.5303712628720227])
(3,[0,1,2],[29.754018226542968,31.83871453555921,20.676098981805993])
(3,[0,1,2],[10.943686837194452,8.290329686285599,-8.249234924559886])
(3,[0,1,2],[4.42512374397554,9.106942472209063,-6.010973638066162])
(3,[0,1,2],[20.225220695292858,26.920121856051058,7.967398734076102])
(3,[0,1,2],[19.058995662615246,16.433090866604854,-1.7268754228182965])
(3,[0,1,2],[16.644852409577886,-0.918521320221465,-12.943473858664179])
(3,[0,1,2],[7.523878056573402,4.084634527980153,-9.017422121560399])
(3,[0,1,2],[22.336013506760434,-0.7835957819537822,-15.159700005757886])
(3,[0,1,2],[10.687274749684779,-1.5313474230776793,-21.763075075094058])
(3,[0,1,2],[14.266896951514958,1.6412106679476959,-14.45190499933355])
(3,[0,1,2],[19.746023620867202,12.256701548196771,-8.494200942682781])
(3,[0,1,2],[16.70142998912619,2.638895834272715,-15.303085780500666])
(3,[0,1,2],[21.811693942922286,12.07372627191475,-1.057486716317238])
(3,[0,1,2],[13.283825305693924,1.812653934239772,-8.836600691343424])
(3,[0,1,2],[18.23442797784643,18.83365469263612,1.8241995999244698])
(3,[0,1,2],[20.379198425522613,7.256271169370649,-1.718919516675253])
(3,[0,1,2],[31.396231271852066,13.012829936955706,0.292591932942029])
(3,[0,1,2],[24.69272971944887,21.286359804070916,9.396335296252285])
(3,[0,1,2],[34.10679062280652,21.478707498586942,1.9115385326054533])
(3,[0,1,2],[21.724924025315275,-1.5160983347115506,-12.088394971179898])
(3,[0,1,2],[32.52924278415858,28.85468026428814,7.532828429878102])
(3,[0,1,2],[10.619561921374336,-4.396677695163172,-9.203003029889162])
(3,[0,1,2],[13.6233887081879,0.689078645963096,-3.4126037352447582])
(3,[0,1,2],[-0.4943341022154293,2.7077838684697766,-10.111789330866124])
(3,[0,1,2],[27.59804265338151,25.75665665128589,5.125248294561546])
(3,[0,1,2],[18.73910032854539,11.887078617759267,2.660142960360445])
(3,[0,1,2],[10.322287753434065,-2.873437290406168,-9.892652180266849])
(3,[0,1,2],[28.412713039031775,26.345009186365715,4.995518558362821])
(3,[0,1,2],[14.39464691461044,19.629293625126337,0.9486630385627937])
(3,[0,1,2],[20.553636760216413,18.667006475257388,0.24811772999779702])
(3,[0,1,2],[19.433915978382558,-5.2713592717278175,-18.40352481708221])
(3,[0,1,2],[13.8671400270688,-0.8627235448026357,-4.319839481803011])
(3,[0,1,2],[20.089054914274207,-2.122581754363322,-13.971341542662117])
(3,[0,1,2],[17.584984574029278,-3.9609342685112443,-13.280560746304015])
(3,[0,1,2],[17.83847815845511,-3.6182965021817273,-25.447864753368464])
(3,[0,1,2],[15.704165732941277,11.575784215002495,1.8655407904186272])
(3,[0,1,2],[7.331520232953496,6.531875677317668,-8.5028699662913])
(3,[0,1,2],[24.33598299988136,15.460381693401578,3.214507331092638])
(3,[0,1,2],[17.162761496206414,10.613540672139456,-8.323700533699094])
(3,[0,1,2],[3.5331369737975127,4.025815712900729,-8.045594223115604])
(3,[0,1,2],[12.86600640102948,-0.17376269832455438,-3.596591799238599])
(3,[0,1,2],[21.76825726874583,8.169116544319566,-4.7336178941701075])
(3,[0,1,2],[23.84341933976468,18.967737067028544,-1.544148235657771])
(3,[0,1,2],[14.346408681450006,4.143360473946059,-12.844297329937476])
(3,[0,1,2],[0.7366340254027097,3.345465355590423,-7.757943401215401])
(3,[0,1,2],[8.314274464851156,7.456086498279536,-0.43442794272868923])
(3,[0,1,2],[23.085117199580576,-3.7399940081415615,-14.746702077898146])
(3,[0,1,2],[21.016007608696874,2.954756450805935,-3.2557895101965837])
(3,[0,1,2],[17.14634842693731,11.948920735531171,-2.47518911878515])
(3,[0,1,2],[17.661903319866482,-1.5125380198419984,-12.796192948298025])
(3,[0,1,2],[18.09554842294455,0.6315000825845005,-5.91923398742505])
(3,[0,1,2],[23.21447495906829,3.244655657089418,-8.668275740475138])
(3,[0,1,2],[23.004174434563197,7.854920170024706,-2.752437383310163])
(3,[0,1,2],[16.300017002654986,12.494380804047914,5.686471212791604])
(3,[0,1,2],[1.3866333228286272,7.360835495745588,-4.462548635291276])
(3,[0,1,2],[-2.2151848694158582,-16.802531167405213,-19.53323920847612])
(3,[0,1,2],[23.77197719882312,23.341427452971907,4.679311654510719])
(3,[0,1,2],[20.130870787433416,-4.975328553175794,-18.474079451070573])
(3,[0,1,2],[24.273142088349957,32.618651130473836,20.20531425063022])
(3,[0,1,2],[16.707395143898733,3.2826539655920786,-2.6032835532402094])
(3,[0,1,2],[24.253173013397696,22.418759120502383,9.9284912772073])
(3,[0,1,2],[16.862454013083394,0.19335519038598337,-4.998481377417078])
(3,[0,1,2],[21.284995160086254,11.972367504072746,-1.5592377300452016])
(3,[0,1,2],[8.4299277294359,3.0051330767877373,-13.477861207817487])
(3,[0,1,2],[19.335269706890816,11.45122981678227,-2.7890700119609404])
(3,[0,1,2],[28.08443476427007,-4.411588720130792,-13.267657762738823])
(3,[0,1,2],[6.120448537741438,6.214688873078216,-1.4458540247787188])
(3,[0,1,2],[11.478296932857665,1.4691407580331997,-10.695987745654767])
(3,[0,1,2],[22.135970166946713,-2.540600675164245,-13.05126235891296])
(3,[0,1,2],[37.05254655609751,20.945134532489732,9.672845780424286])
(3,[0,1,2],[16.290272842427285,1.2036299194345375,-9.754018059721382])
(3,[0,1,2],[-1.1795899099351494,2.4067725993044675,-10.955904386582077])
(3,[0,1,2],[17.07731939665544,13.465626850711976,-5.288829301965816])
(3,[0,1,2],[10.637175129571093,2.894349670159767,-11.235155969384904])
(3,[0,1,2],[9.878841724158187,7.942224366336841,-9.170319338558258])
(3,[0,1,2],[23.47656039895081,17.841068685748983,5.718635174489257])
(3,[0,1,2],[23.90552933776488,11.273377278721224,-7.192811954215443])
(3,[0,1,2],[15.060240838000523,3.2485194021780277,-3.6639408807236675])
(3,[0,1,2],[-7.130685784715512,-0.08173513049741499,-8.251547825623208])
(3,[0,1,2],[1.9846711546003877,-7.027317799229905,-6.837703352528012])
(3,[0,1,2],[13.409648510328605,1.9909055731377092,-11.346798096326633])
(3,[0,1,2],[23.400227207618503,20.383551482455992,7.507178238007741])
(3,[0,1,2],[28.494710583360792,36.52443626000072,23.875343577167186])
(3,[0,1,2],[20.928602176862725,14.540297801604426,1.3204604341665145])
(3,[0,1,2],[15.202296223226709,-0.5197666359751927,-16.369689142040396])
(3,[0,1,2],[21.568949008179086,9.731439158874146,-8.66519144789218])
(3,[0,1,2],[26.041736985086143,12.833849749058443,-7.853714741905861])
(3,[0,1,2],[18.574446728052735,4.415303034014169,-9.032880359831637])
(3,[0,1,2],[6.471496030275879,6.940322737224199,-1.4174688581145314])
(3,[0,1,2],[27.94730299588217,13.382037071174413,7.328825539437699])
(3,[0,1,2],[19.282109243600615,-0.5014767551820887,-12.280935178892493])
(3,[0,1,2],[12.105863131587087,3.3714959655203725,-11.947484207476363])
(3,[0,1,2],[8.30387524916014,3.793918973872869,-11.967064442601346])
(3,[0,1,2],[9.16131459624004,0.9227420968015965,-15.488140127900035])
(3,[0,1,2],[18.561421714236857,14.214293329489898,-4.77342992892492])
(3,[0,1,2],[27.205062187960927,34.19442240444391,23.212066454766568])
(3,[0,1,2],[-0.7795097037301613,0.42998309788207933,-16.363043370895593])
(3,[0,1,2],[13.51589375950245,8.829912132447047,-1.870576153616289])
(3,[0,1,2],[7.233046058231604,2.849897843871776,-12.331565249348774])
(3,[0,1,2],[31.384044395187622,10.656861256868293,-4.120020946160512])
(3,[0,1,2],[-5.847846162593089,-20.305758179485984,-21.709046226131232])
(3,[0,1,2],[15.454373242246362,1.2047769503843897,-13.59157193657131])
(3,[0,1,2],[16.667148934489703,9.779831930060897,-4.338496462319937])
(3,[0,1,2],[5.476341256762269,-6.4095400289449955,-12.609996146354966])
(3,[0,1,2],[10.102548630921511,3.997048443860966,-8.290942627653234])
(3,[0,1,2],[26.468211669205683,34.24916356273399,14.93203441223662])
(3,[0,1,2],[30.409626194539705,17.074004845944284,5.693289266876125])
(3,[0,1,2],[22.2637962923254,11.95133479350883,-1.721036484192021])
(3,[0,1,2],[7.74050641581079,16.4673503515708,3.309856449731996])
(3,[0,1,2],[21.154425865854254,17.331528848443586,3.58455174235411])
(3,[0,1,2],[26.213898819658873,15.190430829467957,8.680923404640104])
(3,[0,1,2],[20.933675276221738,14.39003572873579,1.8852165714181288])
(3,[0,1,2],[28.125839030350505,6.1339629220778225,-11.621113211958633])
(3,[0,1,2],[6.509732522726106,-4.935164511646246,-7.490750307149775])
(3,[0,1,2],[15.012846756818778,1.3941924863198238,-7.326498444933737])
(3,[0,1,2],[-3.261325193586041,-1.8898077265347442,-14.978154084984624])
(3,[0,1,2],[21.144816718040772,8.368320511349204,-6.863343279012321])
(3,[0,1,2],[26.11350211862338,23.560947100507246,11.846727156051847])
(3,[0,1,2],[26.475624729154017,23.884569576201258,11.9558373987627])
(3,[0,1,2],[21.129167394820676,11.189187354029906,-5.980047568914216])
(3,[0,1,2],[33.505265487762045,35.39576603665042,12.559267257278233])
(3,[0,1,2],[24.551182379313857,-5.000126446229341,-16.18609703146432])
(3,[0,1,2],[21.197124000599512,17.32643487297242,4.437887842123139])
(3,[0,1,2],[11.941056886251308,-3.6913438942838654,-21.40245312552043])
(3,[0,1,2],[21.09494896292,24.00002438137127,6.9383839170378945])
(3,[0,1,2],[14.09014877787912,1.099237307773093,-12.591801908900548])
(3,[0,1,2],[12.718708575204923,2.2581425340562133,-18.594322267732572])
(3,[0,1,2],[28.04021615863573,19.4375119393041,-1.297159336110763])
(3,[0,1,2],[26.56793750059084,26.234407334595176,13.690135652245])
(3,[0,1,2],[8.16215367614334,2.0487184953761353,-18.100557837011298])
(3,[0,1,2],[16.658047948639428,-0.21707277184510154,-15.100585154626101])
(3,[0,1,2],[20.04798623053481,13.538470487823384,2.03197926257163])
(3,[0,1,2],[19.227107780708465,2.9197491792442336,-3.6501860028757562])
(3,[0,1,2],[26.775088199162624,26.992508172947616,8.335656911288925])
(3,[0,1,2],[2.2557537790376645,2.6726657664114155,-12.572628160102454])
(3,[0,1,2],[19.411561025001085,15.203986372379097,1.9904075899494835])
(3,[0,1,2],[32.91955532149495,11.902150428003349,-7.772889583363824])
(3,[0,1,2],[5.72249285097118,3.5850265864528277,-12.282248620042004])
(3,[0,1,2],[21.27943649358819,14.008156320411802,1.4316923462522524])
(3,[0,1,2],[22.236260637603213,0.3694720274120422,-11.03005726628278])
(3,[0,1,2],[14.711802925132096,9.071267884881088,-5.15187251864552])
(3,[0,1,2],[25.14730616830562,21.6967622079352,8.347546848930646])
(3,[0,1,2],[2.472216259947792,0.48361323557135716,-15.949744081559079])
(3,[0,1,2],[4.5661363814787,3.3349418391391765,-10.868274669175047])
(3,[0,1,2],[16.34660723777653,-8.03175159442173,-26.1710886691519])
(3,[0,1,2],[31.037356818387632,39.428691758706215,28.44557845678095])
(3,[0,1,2],[33.8046403392225,21.52470243379403,-0.7642887114269796])
(3,[0,1,2],[15.272743607396462,0.46777110517343323,-12.382329310404845])
(3,[0,1,2],[26.10558296857543,19.42759244271791,-1.5890496753066436])
(3,[0,1,2],[22.057582146471105,19.16544254774743,6.609479910500155])
(3,[0,1,2],[14.705540070382174,0.768257845462728,-15.108859481867439])
(3,[0,1,2],[17.892646324354622,11.368557894644303,-2.3245137394602104])
(3,[0,1,2],[19.827344016674544,-0.9979326356232985,-15.023490200856966])
(3,[0,1,2],[18.433037359170015,21.030194959576225,1.550711908044152])
(3,[0,1,2],[20.58694204734894,15.306652959186687,3.605715652589871])
(3,[0,1,2],[22.464983413996592,1.448147907155734,-6.489596940212284])
(3,[0,1,2],[15.797110736490453,10.253371006691555,-3.307462541535668])
(3,[0,1,2],[24.854522021906735,14.160267333488912,9.814959686896694])
(3,[0,1,2],[2.999758986020865,-17.105103471063586,-19.945120253578544])
(3,[0,1,2],[22.79313436101543,21.491966844863,2.248512276550351])
(3,[0,1,2],[22.74304535749484,6.180492928206849,0.1603356656205419])
(3,[0,1,2],[17.352600454766247,9.674346410738353,-2.9276835710005122])
(3,[0,1,2],[9.102999531640853,-7.969938593816471,-9.746281556880414])
(3,[0,1,2],[27.14031523820558,8.207747368166165,-0.6996499707620369])
(3,[0,1,2],[3.2063725669895082,-10.152141692933746,-10.23577276267558])
(3,[0,1,2],[21.11794750128051,14.53428485575436,-5.476946039616367])
(3,[0,1,2],[27.338582131650067,-10.871107230618406,-27.945325069697244])
(3,[0,1,2],[20.126668901099393,-3.9292722210940725,-18.998014269030172])
(3,[0,1,2],[12.276899101981417,6.5171025370008255,-3.946454495807511])
(3,[0,1,2],[5.40704785911192,4.216146161527512,-5.100855331296099])
(3,[0,1,2],[19.990177484253604,0.632487542028008,-12.481938427006245])
(3,[0,1,2],[12.24455415292079,8.571386512468743,-0.43470235628871134])
(3,[0,1,2],[21.25123848289668,8.938494393317798,-3.168245722276935])
(3,[0,1,2],[16.212728896172493,1.116446530691023,-12.81724989208947])
(3,[0,1,2],[16.85334147651338,12.85546378822329,-5.055149266901816])
(3,[0,1,2],[12.60279533546499,1.6959696868923315,-9.69783798543579])
(3,[0,1,2],[10.819050662626132,-8.160757520757741,-10.946708960283283])
(3,[0,1,2],[25.345087531588284,13.437990382865058,6.796527778714197])
(3,[0,1,2],[22.559947952326997,16.4712042041317,3.9116198699683373])
(3,[0,1,2],[24.391721637055305,26.49856623290119,14.072902841012633])
(3,[0,1,2],[28.56693653191466,25.800266182214465,6.090855021748393])
(3,[0,1,2],[15.0284171060776,1.3720799372318653,-14.241236870312004])
(3,[0,1,2],[14.23004707442359,12.699755484825737,-5.279954790817477])
(3,[0,1,2],[29.93165399348582,33.260092052789055,20.36043539904664])
(3,[0,1,2],[-1.3043189050759247,3.7255586704423096,-11.432651134238368])
(3,[0,1,2],[29.145361784374323,27.763215506097055,16.332764968083538])
(3,[0,1,2],[25.375984891681473,15.705822337353592,8.378256352942527])
(3,[0,1,2],[32.31806013409953,12.327858928175011,-0.9873674802556698])
(3,[0,1,2],[9.255939889562619,0.05644847244144646,-19.077690335630894])
(3,[0,1,2],[20.188641246227785,6.796160899356859,-2.0913766490437613])
(3,[0,1,2],[25.135072025605233,12.047370874953877,1.7959125754199385])
(3,[0,1,2],[22.20667467627747,-6.231918726261817,-17.655451324319202])
(3,[0,1,2],[23.04558810907625,22.921416323221216,4.896070211237859])
(3,[0,1,2],[2.03987324278351,5.053031193642957,-2.2398302524420552])
(3,[0,1,2],[7.004392604350876,14.500500359092525,0.0969876139466419])
(3,[0,1,2],[12.299209552993212,12.805742585529142,-2.9322881138431134])
(3,[0,1,2],[26.472096486695836,26.35246262038937,14.283870240122301])
(3,[0,1,2],[19.10420158071298,-1.7371195588639035,-14.936049028538187])
(3,[0,1,2],[11.70708307078586,0.3267622591400725,-16.801904050083998])
(3,[0,1,2],[13.197689188187717,-4.221044703402473,-12.321675953323822])
(3,[0,1,2],[15.533783269831865,10.092937648449634,-1.289026709191048])
(3,[0,1,2],[13.51506926901418,0.6811226609450802,-14.805642524665524])
(3,[0,1,2],[20.896012838565298,7.51609488003236,-5.573309164084828])
(3,[0,1,2],[-4.135144941335204,-0.7593396487285236,-16.49463644402176])
(3,[0,1,2],[19.218377283389117,10.526129045481982,-6.9537601922941485])
(3,[0,1,2],[29.43943052826958,25.124271643789623,6.089489475438018])
(3,[0,1,2],[14.330458262749563,4.4268530286721495,-15.091421602068984])
(3,[0,1,2],[13.690089698326696,-1.9729986564103348,-6.706649653908407])
(3,[0,1,2],[27.304793189531278,21.670988231685516,10.856451147607004])
(3,[0,1,2],[13.45499766473583,18.78940660969449,0.6192463378906967])
(3,[0,1,2],[20.250250983787463,13.079617986365307,-0.5019870044704242])
(3,[0,1,2],[10.584022793721417,7.550491213673173,-7.322869217872488])
(3,[0,1,2],[-5.788194193454421,0.9978249333792601,-12.022932444027028])
(3,[0,1,2],[23.528563778389692,1.219341635439694,-10.219673148937108])
(3,[0,1,2],[14.68522085183102,9.500428260405236,-3.0978463956424465])
(3,[0,1,2],[23.862628076133152,12.681625835743299,1.105646309375475])
(3,[0,1,2],[16.33720548612251,-0.6458450988784554,-11.698630805315675])
(3,[0,1,2],[-3.0608373307471473,-0.8396229898998708,-16.431659415430097])
(3,[0,1,2],[32.967492800463056,31.658240118285512,21.326904084070666])
(3,[0,1,2],[23.632916093016885,-7.190938626413635,-23.920625195088885])
(3,[0,1,2],[9.95761902755009,7.568690266446623,-4.618463673972663])
(3,[0,1,2],[22.1953932688821,18.31524908073878,5.396227272476253])
(3,[0,1,2],[25.17089329760278,6.867352532029999,-3.9501597574453338])
(3,[0,1,2],[17.842048229619653,22.40867172203158,5.360275838711803])
(3,[0,1,2],[22.01742012100934,8.129776017184893,-9.093159560991094])
(3,[0,1,2],[15.558247706295717,9.463215763074043,-4.09769027870436])
(3,[0,1,2],[28.878527225416732,30.521782725901847,19.42207195117526])
(3,[0,1,2],[19.4400292894034,-1.6348062483732981,-14.337846923232112])
(3,[0,1,2],[10.032590531377064,13.966206017501012,-1.094540743687777])
(3,[0,1,2],[6.342935787305465,4.336671558222113,-13.849341677366295])
(3,[0,1,2],[18.19330823578165,1.219277041680824,-9.462580690831405])
(3,[0,1,2],[25.011984782349362,15.040067101050337,6.368683370079417])
(3,[0,1,2],[18.997860287493335,13.173848489819907,-5.343646179447772])
(3,[0,1,2],[26.475338353676218,26.50462620987374,15.25760169312379])
(3,[0,1,2],[22.06610235194348,14.126948867230416,0.8617610611102526])
(3,[0,1,2],[25.51868224040367,23.445670566506678,5.290112160577449])
(3,[0,1,2],[20.465228696177228,18.04567035427884,1.3833264942263548])
(3,[0,1,2],[40.526471070638664,28.089138268224495,5.6424511138786055])
(3,[0,1,2],[0.39292068788166024,1.9891985917561388,-13.474013689505709])
(3,[0,1,2],[19.950925833041502,-3.7080211974788226,-16.260662900097714])
(3,[0,1,2],[19.41757210068863,16.756595095191038,-0.33998188941098384])
(3,[0,1,2],[29.794847077761958,25.608234713919877,3.6915768881158164])
(3,[0,1,2],[11.955784954022835,-6.350452837453738,-15.439245248172204])
(3,[0,1,2],[14.475611004484804,6.155695962830086,-6.331482711334467])
(3,[0,1,2],[8.497679315740973,-5.668412264763276,-9.58713492526439])
(3,[0,1,2],[20.93264414354169,-0.14762262204005383,-9.110206340512212])
(3,[0,1,2],[33.527506397992916,30.94525008593382,9.984582588008395])
(3,[0,1,2],[6.589812912021607,6.198574884064854,-8.930880647197572])
(3,[0,1,2],[19.671940473990396,2.4323034273420756,-7.120581300130807])
(3,[0,1,2],[4.456144271835498,2.917017930647412,-12.14105798368885])
(3,[0,1,2],[27.682778031575445,6.6973264604682035,-5.720272114333486])
(3,[0,1,2],[15.836739664698412,7.771806230140267,-6.939450220569331])
(3,[0,1,2],[16.7638327559361,-0.4447438250325839,-18.857818612098487])
(3,[0,1,2],[-2.2646525602777468,-0.41827775773675757,-16.543626689441496])
(3,[0,1,2],[15.602387118057674,-1.5615768541032184,-17.243590057127786])
(3,[0,1,2],[33.87371721033979,18.367383205518625,9.032584770687377])
(3,[0,1,2],[25.91992908871934,-0.9628208152790851,-12.570554271890881])
(3,[0,1,2],[17.945986455647553,5.589665588214366,-13.960134623260181])
(3,[0,1,2],[6.126677787693566,-11.075579979304662,-16.122250734809818])
(3,[0,1,2],[30.14223821969232,33.651277415671004,21.977538106857434])
(3,[0,1,2],[21.473304787379245,-2.7353496293818655,-18.978825660384892])
(3,[0,1,2],[6.680021681408854,5.775850056075384,-10.829451425281068])
(3,[0,1,2],[26.84858687688456,15.809022815112302,-4.150281735844855])
(3,[0,1,2],[7.555324400155499,-9.485194198260668,-13.443497136838623])
(3,[0,1,2],[25.193427462446966,7.930007025989308,-0.8314398827670932])
(3,[0,1,2],[9.676879357972467,3.3023391691513453,-9.572291987017465])
(3,[0,1,2],[27.151617554117454,33.73006858699463,22.73170756078467])
(3,[0,1,2],[12.783115521449076,-3.743693349316581,-8.907163113687558])
(3,[0,1,2],[16.63894240277318,9.22714416474637,-1.9030495554449036])
(3,[0,1,2],[23.508315539783144,16.852678635951637,-2.1755461899170334])
(3,[0,1,2],[15.27070605258228,5.427069595888673,-11.750879197441135])
(3,[0,1,2],[11.758143030520053,3.562964399606072,-11.88062498679752])
(3,[0,1,2],[12.845773586901323,-6.545663789082749,-18.87580769594956])
(3,[0,1,2],[22.63751770311789,14.408721162261893,9.681007826521009])
(3,[0,1,2],[38.848212591470464,23.852322480585258,12.651671772785404])
(3,[0,1,2],[30.189815522603013,37.852078196246104,26.465623796887094])
(3,[0,1,2],[19.993958459555675,-2.223377805828439,-24.207492855891644])
(3,[0,1,2],[13.217687685549649,0.1409314723293984,-17.51575978281457])
(3,[0,1,2],[10.650531078383537,9.582446186625184,-7.327600446913708])
(3,[0,1,2],[15.065735296359332,6.314880468361718,-5.795924648939678])
(3,[0,1,2],[24.898223310498764,-1.2678219738167187,-10.080518585794549])
(3,[0,1,2],[4.5783988063160965,3.4128049916785383,-14.779738358564751])
(3,[0,1,2],[26.909570638497385,24.04898375404153,11.779859079722126])
(3,[0,1,2],[20.319192145599843,-3.8254549170249774,-18.832316508213555])
(3,[0,1,2],[6.158417695182401,2.344948210993994,-16.20880749732336])
(3,[0,1,2],[9.249868378660802,-0.6864979624290174,-2.5934049181826753])
(3,[0,1,2],[18.44986616034033,-1.4593481927180854,-11.635355125551623])
(3,[0,1,2],[9.470768337597955,6.5328432432025405,-10.378345087714415])
(3,[0,1,2],[16.032780436827785,0.2956385439725673,-17.24641299134098])
(3,[0,1,2],[22.328051232970445,4.740210059442163,-8.779494013277938])
(3,[0,1,2],[5.43230658217359,4.854902734981625,-8.233662037960771])
(3,[0,1,2],[17.604383827667803,6.336420391814479,3.040346803982574])
(3,[0,1,2],[16.97586374489795,2.641262685993858,-10.86093825813022])
(3,[0,1,2],[23.340424062568296,21.543818732408322,9.208725288134344])
(3,[0,1,2],[14.657964575341921,3.1824903058908074,-6.709325673714118])
(3,[0,1,2],[23.753234389248465,14.196520018957743,-2.8138156318104888])
(3,[0,1,2],[30.01193930233424,17.88908992745546,10.55472989665183])
(3,[0,1,2],[32.96116364273735,28.033171198578618,6.128592037099375])
(3,[0,1,2],[17.89543671167697,2.438247973411954,-5.279657361234213])
(3,[0,1,2],[8.734165273552863,-1.4306006517567336,-5.046617947185743])
(3,[0,1,2],[25.847283465233748,11.224712012847435,3.511167443794633])
(3,[0,1,2],[31.243568903386993,26.656646523394254,7.305109136406998])
(3,[0,1,2],[32.25859017901591,46.6729146253868,36.34275294658366])
(3,[0,1,2],[21.90656548841494,-2.891530033027025,-16.20029304771802])
(3,[0,1,2],[9.412805243464327,1.6044394807422457,-16.09939118369131])
(3,[0,1,2],[17.950694415906252,12.634504685779818,-4.56460684933057])
(3,[0,1,2],[8.696372475502706,-8.858368144608503,-12.892047480345589])
(3,[0,1,2],[32.66204401859439,38.15245711011676,17.97752501154719])
(3,[0,1,2],[15.305542695855896,-7.406277831920569,-18.78856624649278])
(3,[0,1,2],[8.762907620865885,6.4170839357876535,-3.969795498653226])
(3,[0,1,2],[22.34443849621099,19.22420211167401,6.818595315674096])
(3,[0,1,2],[19.889726055449827,12.852412641137187,0.05700250362070447])
(3,[0,1,2],[3.91476940358045,0.6697773344896736,-18.171788531565316])
(3,[0,1,2],[30.761698177337472,11.585353369886956,2.1381964124607915])
(3,[0,1,2],[-3.1858822778459546,-2.2695794233048616,-20.22540770235301])
(3,[0,1,2],[30.342972507320223,26.894205640377756,3.903305298367971])
(3,[0,1,2],[16.619601713111283,-2.0217202757781134,-10.790947509820679])
(3,[0,1,2],[5.569053746345382,8.080584164142492,-5.180365320650139])
(3,[0,1,2],[29.59031830965337,24.55260758916655,2.632206171133065])
(3,[0,1,2],[3.0267313639714715,-8.249563488757689,-9.740235127221604])
(3,[0,1,2],[11.890557791850505,9.026969391135026,-4.346473591740459])
(3,[0,1,2],[19.128143217392857,25.398744989508923,7.75977507010001])
(3,[0,1,2],[25.166979864145286,22.767804142265085,10.948654006800956])
(3,[0,1,2],[30.247996206970452,19.825918690418607,-2.371633636193214])
(3,[0,1,2],[20.058968632046835,4.308973582417472,-4.347760190837324])
(3,[0,1,2],[4.811048315984021,7.25275249508089,-3.2140668449762417])
(3,[0,1,2],[19.96627983436083,-3.724179695596348,-16.101634892064286])
(3,[0,1,2],[8.320914343254028,11.543744276469118,-4.671603382404727])
(3,[0,1,2],[5.278634472536994,1.207404580595873,-13.110565903850885])
(3,[0,1,2],[27.593688296458144,18.93515105580922,-0.5446988620519164])
(3,[0,1,2],[37.48957445486828,37.768385557052916,15.218936963186167])
(3,[0,1,2],[10.592713198911035,4.324429625517852,-9.871762485408334])
(3,[0,1,2],[2.1483495099128627,8.314759678007038,4.1945436050088185])
(3,[0,1,2],[32.59129368884785,23.254173298173367,13.740442438097059])
(3,[0,1,2],[6.294766348997812,20.28228305208376,4.784524424106135])
(3,[0,1,2],[25.279049860295146,26.23201079281935,14.28404040449776])
(3,[0,1,2],[18.05624948029599,9.080281623459427,-5.767421592882488])
(3,[0,1,2],[15.70618930683787,19.989069566161113,2.9261554902541294])
(3,[0,1,2],[31.178880376670392,11.626907895756176,-2.30269152455462])
(3,[0,1,2],[21.524780510733404,18.367817968931565,6.330901169430224])
(3,[0,1,2],[17.525334513453476,5.6933060424888335,1.6794507282539706])
(3,[0,1,2],[26.213122851173157,20.493680403820843,7.745984197063307])
(3,[0,1,2],[-2.4564034799520797,0.038314816680732555,-15.90942785826617])
(3,[0,1,2],[30.002010706769486,31.33956502164199,19.80488756500544])
(3,[0,1,2],[23.376861398244017,9.787669774800559,3.4735983387176104])
(3,[0,1,2],[19.674933718535762,11.285181729853461,2.358963541403063])
(3,[0,1,2],[-4.2205036440693515,-1.8036869334693666,-15.854664070020645])
(3,[0,1,2],[25.694853647622445,14.341748460193404,1.667801780969898])
(3,[0,1,2],[-1.177254119342999,-0.6759144110176165,-23.529260912129903])
(3,[0,1,2],[23.733715862703612,18.615185783871613,6.0934424516625105])
(3,[0,1,2],[30.588962287932596,42.996898941508995,31.790327221423006])
(3,[0,1,2],[11.962734936655952,6.0528426085502565,-10.544084504211416])
(3,[0,1,2],[6.281404476941468,-5.281823029496611,-6.841965091627733])
(3,[0,1,2],[18.172084081970986,8.735110403933017,-5.748261025215753])
(3,[0,1,2],[24.77052582360673,24.859382990221377,12.527106310949026])
(3,[0,1,2],[16.469125364775696,-2.5132628345244767,-14.185969744488114])
(3,[0,1,2],[5.517772187485634,7.423672458094963,-5.307265242953719])
(3,[0,1,2],[13.52870318475902,6.994807165748715,-8.172173315565653])
(3,[0,1,2],[8.234003770843758,1.7680584855968036,-16.740684701154656])
(3,[0,1,2],[7.167377797219578,5.17294642922609,-6.297886165925417])
(3,[0,1,2],[20.145352725978373,16.16419193495332,3.651275184737937])
(3,[0,1,2],[19.111038757901078,-1.2374648624203033,-13.919989510464593])
(3,[0,1,2],[-11.412887124935772,-1.4719080704400325,-12.423722578798515])
(3,[0,1,2],[29.567263422918373,36.36452249435827,25.392960111970233])
(3,[0,1,2],[17.05420434379287,2.6946039511643063,-9.625919039013212])
(3,[0,1,2],[27.227835589527473,17.50535500035758,-3.577653595284916])
(3,[0,1,2],[9.041262257987619,5.337930507226472,-8.486349515791005])
(3,[0,1,2],[16.539072739831827,6.722999689287225,-5.738119186002518])
(3,[0,1,2],[24.182236584336586,9.778231262394652,4.782751357179658])
(3,[0,1,2],[2.2936376530798563,-1.9175392858672997,-22.656354910421726])
(3,[0,1,2],[0.7570956780123845,3.727455502966126,-11.529376707220411])
(3,[0,1,2],[16.52356072043775,4.419161627279505,-10.42858745625497])
(3,[0,1,2],[5.09705403041561,7.49814737560105,-2.5351447881569564])
(3,[0,1,2],[1.714196811781032,-10.188812087209001,-12.936962213396413])
(3,[0,1,2],[14.822955558389737,0.6048033096877721,-10.925121035879087])
(3,[0,1,2],[33.281665548429736,45.107384396304575,35.52822961316521])
(3,[0,1,2],[2.0068786605690363,5.467331937059161,-0.7112319765027808])
(3,[0,1,2],[-7.986243416658406,-17.570078285013064,-19.21992215537578])
(3,[0,1,2],[21.023935812249892,2.8508490874452974,-7.277800064797244])
(3,[0,1,2],[1.8384675866458018,5.422613610210642,-8.848027138179647])
(3,[0,1,2],[17.422051519271605,2.9719138045186497,-11.517177205091487])
(3,[0,1,2],[20.405567701606607,17.49954715274884,1.810107227285353])
(3,[0,1,2],[10.810995359445657,4.567069216626905,-9.466255565470782])
(3,[0,1,2],[24.638411156993318,17.196598270088515,-0.9908224623237749])
(3,[0,1,2],[16.196098930571193,8.687647017301718,-5.866665781053957])
(3,[0,1,2],[26.38783631606174,24.8177407038608,12.51812515416631])
(3,[0,1,2],[24.67942728892343,-2.7773288552289146,-14.581437646255356])
(3,[0,1,2],[32.310624775697455,33.796224951779166,22.134481359403182])
(3,[0,1,2],[13.415585457734299,-1.3802178657649762,-17.48944018450566])
(3,[0,1,2],[30.734007132403477,48.96522421735058,39.05338801877636])
(3,[0,1,2],[23.772335606891332,11.065829280237958,4.300040874805855])
(3,[0,1,2],[19.739661977956803,0.4205647156849982,-5.492173710658691])
(3,[0,1,2],[24.407089387457884,25.94260047839633,14.10162046651514])
(3,[0,1,2],[11.271210718656382,1.5994238456679297,-2.5070759943147713])
(3,[0,1,2],[19.71971618666164,0.7748635070285828,-11.212116759103148])
(3,[0,1,2],[21.223337376065466,-1.0158153612635432,-7.049257699882986])
(3,[0,1,2],[-0.3060288050744049,-16.394559326731645,-19.7727824514688])
(3,[0,1,2],[16.351586814479887,4.382782141952371,0.7893961391548941])
(3,[0,1,2],[33.68393350460203,15.23200342386749,-1.759395095205858])
(3,[0,1,2],[10.266102719479798,7.887731060832787,0.6744628591051376])
(3,[0,1,2],[14.809562847905962,9.025887301743781,-1.7565504644052896])
(3,[0,1,2],[10.844312161100266,4.6881032372863505,-7.575921155604632])
(3,[0,1,2],[8.1112727405666,-2.533065726160113,-26.455857790520124])
(3,[0,1,2],[30.245026154998442,9.033930478041356,-3.7709370654832757])
(3,[0,1,2],[31.56513930140715,15.089939616608278,-1.325169535803834])
(3,[0,1,2],[32.61613070895688,9.639356219515912,-7.110220857326439])
(3,[0,1,2],[21.22907353564476,-1.3896348361046031,-11.069152214632993])
(3,[0,1,2],[3.0991339665801556,2.156076696700513,-11.570149342216295])
(3,[0,1,2],[29.647658622280694,18.02942118770791,-2.527786313605967])
(3,[0,1,2],[10.498492064934808,-1.9596504573921336,-3.5502459505290562])
(3,[0,1,2],[23.423312401317688,-3.787720696538758,-15.273858821064728])
(3,[0,1,2],[21.12899028017237,5.995531509943518,2.5721909644589354])
(3,[0,1,2],[18.269736329468707,-6.6335052518601465,-20.17057789074734])
(3,[0,1,2],[6.668666838803633,-3.691042116890982,-3.3772632578326993])
(3,[0,1,2],[25.402600246141127,10.81017826876953,-3.931926325397799])
(3,[0,1,2],[29.855879940335434,15.17224040274088,2.4969101553143576])
(3,[0,1,2],[4.90160588248604,1.5222003430075726,-9.950610935016476])
(3,[0,1,2],[27.97150618993209,34.888414522231535,24.85877282503915])
(3,[0,1,2],[3.815652038299971,2.583617975102011,-12.824795408314419])
(3,[0,1,2],[16.84781126921356,14.40952221562466,-2.1448015768000683])
(3,[0,1,2],[19.510783287345834,-3.4444218045200508,-21.385042490274607])
(3,[0,1,2],[17.607850324057253,-1.694697031303452,-11.029015152683291])
(3,[0,1,2],[21.153328081299023,-0.6866777936034358,-11.43283196449169])
(3,[0,1,2],[17.06498748988429,3.7452255915566504,-10.715107467116962])
(3,[0,1,2],[32.94945499192117,38.270552318171035,26.07499352130728])
(3,[0,1,2],[17.104068642254646,10.04762962435433,-9.740793440486986])
(3,[0,1,2],[-0.43187689075276836,-15.103257208792698,-18.30569559546657])
(3,[0,1,2],[4.994257461241892,5.102158723789128,-7.040937414155911])
(3,[0,1,2],[40.903515006139344,40.0075888063485,17.92319737383915])
(3,[0,1,2],[18.94121767888181,-0.9119859710968123,-13.841817318656972])
(3,[0,1,2],[8.493276083279891,5.653426266107143,-8.854503560628734])
(3,[0,1,2],[26.843828521172448,4.907373082023995,-4.758983259115817])
(3,[0,1,2],[13.011913142803891,-1.010440673985853,-18.50784297977322])
(3,[0,1,2],[17.71877592710948,-2.6520224477564134,-16.072519950524903])
(3,[0,1,2],[28.375025967230336,24.63842508066182,2.1236748605648645])
(3,[0,1,2],[21.42482571449697,16.47871991718273,3.22489413517327])
(3,[0,1,2],[10.897981600599216,7.331716634630265,-1.743840513853185])
(3,[0,1,2],[-1.2180836465385374,2.11268059495542,-11.665089438311421])
(3,[0,1,2],[26.371580299012614,21.668800098676183,9.236226137078521])
(3,[0,1,2],[28.453981543240218,25.414044479577377,12.846190614018534])
(3,[0,1,2],[27.554347932154677,14.720061758921828,8.14020323330892])
(3,[0,1,2],[17.948670630636173,0.8251963828937401,-7.14594198894677])
(3,[0,1,2],[20.24517688833889,15.95807458482145,2.630825031999359])
(3,[0,1,2],[21.596037955707875,17.017313319038216,3.3923190712880205])
(3,[0,1,2],[20.043449094859255,18.26754638944861,5.273439179632306])
(3,[0,1,2],[14.958215204986322,2.68395102085535,-2.347627478378806])
(3,[0,1,2],[20.77352494263481,-5.841717865223431,-23.081476004205484])
(3,[0,1,2],[5.819769408479882,-8.250302320954347,-6.257489371131937])
(3,[0,1,2],[18.331057272394325,0.3722680075976701,-7.435539043045352])
(3,[0,1,2],[14.294180962433105,9.680216319787707,-2.111374027194788])
(3,[0,1,2],[25.60059093213835,26.387929262751484,15.760892105112102])
(3,[0,1,2],[22.336248201417433,24.97200375870284,13.13303120593004])
(3,[0,1,2],[7.110709826403856,3.454444445197435,-10.82061973968729])
(3,[0,1,2],[28.42768295915174,18.18659429545236,0.6530302487812416])
(3,[0,1,2],[14.753067874679179,-9.107421268501955,-21.094286967828882])
(3,[0,1,2],[37.29455778624361,18.648168992463305,4.787737416681972])
(3,[0,1,2],[15.968524958332157,4.011470699882101,1.3409567890591867])
(3,[0,1,2],[28.360202932323354,28.069615327227734,5.253034080334505])
(3,[0,1,2],[21.840202271206135,14.597766825598104,-1.9293927760065297])
(3,[0,1,2],[14.448712820846398,10.433124098816824,-6.051814514742194])
(3,[0,1,2],[22.02721384782508,-1.4613756112834837,-13.417713064124882])
(3,[0,1,2],[23.622463757844475,5.639884703056759,-5.853263347427115])
(3,[0,1,2],[-4.5411936945643845,-8.773687667725323,-23.8468922353902])
(3,[0,1,2],[-8.066875208293013,0.38059154096089953,-12.594976767477055])
(3,[0,1,2],[10.649192258270412,0.11618236791383207,-17.288421706032437])
(3,[0,1,2],[4.358253091508994,6.486283502221056,-10.145146622033005])
(3,[0,1,2],[28.127639177634563,20.696358698770172,9.403922798149859])
(3,[0,1,2],[16.40212879102795,10.868787672459929,7.538473813060838])
(3,[0,1,2],[6.8283960639601595,8.955814545372204,-4.399569274470573])
(3,[0,1,2],[39.16828110963673,26.38533039257103,4.367740468429753])
(3,[0,1,2],[13.869801589331786,26.544174934612123,10.01848810522256])
(3,[0,1,2],[5.727604830989993,2.736013667668756,-10.759844976507807])
(3,[0,1,2],[13.988821197347969,-0.1730464080888643,-12.120441471579259])
(3,[0,1,2],[15.887555467417958,6.964579898358634,-4.74858130514384])
(3,[0,1,2],[45.06304073368399,33.264726506833036,6.329561429069249])
(3,[0,1,2],[16.09896780355785,0.9763473898150856,-13.8282246721582])
(3,[0,1,2],[16.0844630430308,7.397093825555649,-1.3645850065432326])
(3,[0,1,2],[15.27630653727438,16.236828348739056,-0.26084752534116884])
(3,[0,1,2],[28.938551584744726,30.08261163091223,18.724493394783025])
(3,[0,1,2],[25.16047235474869,20.93967481421498,8.417817151696715])
(3,[0,1,2],[17.24049537181553,9.893535528634729,0.44936066892249493])
(3,[0,1,2],[11.665866951872832,5.3350356252286115,-4.866796515307844])
(3,[0,1,2],[7.3352935576320135,6.055399845143406,-3.270468523235262])
(3,[0,1,2],[23.69939582710959,-3.775261629125604,-20.632683502659095])
(3,[0,1,2],[20.538050939841828,13.403091368327964,8.383824148350193])
(3,[0,1,2],[13.277778409462005,2.7208828943615866,-8.828460632925026])
(3,[0,1,2],[12.130994343445767,8.121322417807452,-3.7546212716870473])
(3,[0,1,2],[-2.0788096618942014,3.3393770788207435,-10.100657289123326])
(3,[0,1,2],[20.53490088835859,13.262098367555202,-0.18135359994010547])
(3,[0,1,2],[10.916207036409242,13.11247597681819,-4.043682782813683])
(3,[0,1,2],[23.82789265933679,27.560439084967328,15.716595138885829])
(3,[0,1,2],[14.710910472642112,8.3042572243616,-8.332543424848748])
(3,[0,1,2],[35.265384174955294,28.58778662464922,7.3513233565652705])
(3,[0,1,2],[36.7880099414621,27.388888202524736,4.685124447037094])
(3,[0,1,2],[20.702890892886998,31.247149954165973,13.364073308838872])
(3,[0,1,2],[26.873747943951923,38.50313569649294,26.62612720117512])
(3,[0,1,2],[26.46826771211205,26.615396164439275,4.986501305594235])
(3,[0,1,2],[24.56541686268809,18.820206529804395,6.666393507275742])
(3,[0,1,2],[14.287370504785734,3.277018366066172,-9.26573242638451])
(3,[0,1,2],[6.698985809033675,-11.029438517471899,-17.12428542607738])
(3,[0,1,2],[17.089265925909103,1.5396690404640363,-9.500275955949178])
(3,[0,1,2],[24.961688316985224,27.53928368410479,14.802013036846763])
(3,[0,1,2],[21.276311215627516,7.690918652014767,-5.937377994117295])
(3,[0,1,2],[3.2292591423470722,3.1591346067873296,-14.263839978138751])
(3,[0,1,2],[25.931915960768617,-2.0724650292617897,-9.20982244691941])
(3,[0,1,2],[3.6619427179067916,-16.712870351620165,-20.62137063014164])
(3,[0,1,2],[17.023705170462915,16.613568845510773,2.8121496291029104])
(3,[0,1,2],[-2.8722251730958055,3.2315206684481876,-7.5765360882920145])
(3,[0,1,2],[16.76353402460036,5.36882762776998,2.228499639113883])
(3,[0,1,2],[20.79104128919726,21.71603472160134,9.221004842483822])
(3,[0,1,2],[11.013184377763276,-0.5369439970434104,-19.214216238517714])
(3,[0,1,2],[8.97182183765304,3.3589003870163037,-10.349025564856134])
(3,[0,1,2],[25.559404315516534,10.95709647467381,0.456666525310258])
(3,[0,1,2],[7.447720596336823,0.2382733312059626,-16.710866859982847])
(3,[0,1,2],[21.020236457954216,17.49375330082688,4.214950770551612])
(3,[0,1,2],[14.995458418386551,0.35684975114533213,-13.484982214763248])
(3,[0,1,2],[26.802815304189565,26.526938328929777,4.429514212359795])
(3,[0,1,2],[15.843966414846584,-2.2943799044228674,-8.075147954695097])
(3,[0,1,2],[11.110217386049525,2.3945636140355013,-15.970496743853985])
(3,[0,1,2],[22.383388595282398,18.52236850768928,5.861351833286299])
(3,[0,1,2],[-3.1666025752307636,-10.109876172942498,-6.1298512638935385])
(3,[0,1,2],[-6.905739432896269,0.5650979276063497,-10.30378854796219])
(3,[0,1,2],[11.247737919933682,-0.273982035660296,-5.771220815476952])
(3,[0,1,2],[-0.409503499874055,2.955487093094442,-10.298820396194198])
(3,[0,1,2],[-3.270850390038307,-0.04390693447763505,-14.505622437210958])
(3,[0,1,2],[28.2072318679427,31.722051402857602,20.094797837995895])
(3,[0,1,2],[25.44660520404672,14.233770002329383,-6.9311378341704835])
(3,[0,1,2],[27.551839394804247,36.411407144568756,17.400960220175318])
(3,[0,1,2],[21.754161903425107,17.762312506105406,4.931905112508801])
(3,[0,1,2],[32.223584635887256,16.31728545058439,-4.110388428560029])
(3,[0,1,2],[18.91702833269361,11.152534240094145,-8.04695572330765])
(3,[0,1,2],[22.868628425294066,-3.066377770118395,-16.63109812442216])
(3,[0,1,2],[18.007075585222896,1.380215653812972,-9.544634052095272])
(3,[0,1,2],[22.981084637679956,9.49516288426019,4.636110302057216])
(3,[0,1,2],[25.564023794305495,12.355719893246965,-2.930402279443988])
(3,[0,1,2],[1.2877931845003072,-4.146479430183421,0.16761551635956862])
(3,[0,1,2],[11.125521776305435,6.736068107102424,-10.709206719518011])
(3,[0,1,2],[13.450442310416154,5.863987496170444,-12.293803140498488])
(3,[0,1,2],[25.123385749453753,21.931451475280834,2.8556983454995324])
(3,[0,1,2],[9.189066895175193,-13.115185760245293,-22.922725211443016])
(3,[0,1,2],[8.245079279687541,5.4271418528824125,-11.057740555795744])
(3,[0,1,2],[15.058689791982095,8.530933592226996,-0.9376373538100433])
(3,[0,1,2],[7.081720677951008,2.969305393054836,-14.061314791394917])
(3,[0,1,2],[26.222886837557674,27.710166885570377,15.6077504034832])
(3,[0,1,2],[11.828500602984104,-1.5788483179879123,-17.5140795989084])
(3,[0,1,2],[23.612192582945895,10.936098823358993,-7.82856839683588])
(3,[0,1,2],[14.9364532012605,-1.5574210147636318,-17.874928630997168])
(3,[0,1,2],[23.010758046983394,13.51862020470284,2.049764318167794])
(3,[0,1,2],[27.828189756557137,14.093943563728187,-6.777842368931708])
(3,[0,1,2],[11.857020223054754,8.827458989641201,-5.609768105074197])
(3,[0,1,2],[14.66055762477351,-6.074146986000098,-27.41359757691714])
(3,[0,1,2],[-1.197684473177199,-9.541950402769833,-6.07864884021598])
(3,[0,1,2],[-4.629345670529591,1.4531670500683251,-11.30439870667801])
(3,[0,1,2],[15.463849391896407,15.484120952893658,-0.6216822409092551])
(3,[0,1,2],[10.213180061524234,0.8610316945931991,-14.593366222555318])
(3,[0,1,2],[16.862856027371723,7.494617788922544,-5.870751352460267])
(3,[0,1,2],[22.074934510262853,-4.989691735862667,-20.162209642599272])
(3,[0,1,2],[20.15401069288793,-2.987904254744527,-16.311093883987866])
(3,[0,1,2],[18.21353395810465,1.4890858811384438,-11.958152125541524])
(3,[0,1,2],[24.77838827757505,36.49508581244679,24.79642748952834])
(3,[0,1,2],[11.99639572005451,-2.5992277048662342,-20.39236541987525])
(3,[0,1,2],[17.16872462489088,1.9487199119524248,-3.2159915023555152])
(3,[0,1,2],[25.587285294521745,24.93623822442454,13.271090235306362])
(3,[0,1,2],[7.39785090435489,-13.730267489288694,-18.737506627387468])
(3,[0,1,2],[13.100135142316562,4.232357956857184,-11.468151560748732])
(3,[0,1,2],[26.272000913570047,2.60865190484533,-13.414173785001632])
(3,[0,1,2],[5.872373171839057,2.7632154846001526,-11.268698419899026])
(3,[0,1,2],[25.323176728338694,24.259860016932922,12.338873192586526])
(3,[0,1,2],[27.58657629018863,-6.527255183911521,-17.45723673943549])
(3,[0,1,2],[17.156384416420863,9.413788550371269,-8.13015739227718])
(3,[0,1,2],[20.334087279550328,4.828136501851157,-6.851625589385347])
(3,[0,1,2],[10.22536258890562,5.73839815781645,-9.122454979900873])
(3,[0,1,2],[6.566478614493641,4.083798285639362,-13.871649468979045])
(3,[0,1,2],[30.144615395871508,19.322963226596787,10.133913552700866])
(3,[0,1,2],[18.391817766965346,-1.5474233395837578,-16.759382297905134])
(3,[0,1,2],[9.352189499416454,-8.630700190786394,-15.048541623647608])
(3,[0,1,2],[19.59046466122747,8.803699247378766,-4.726191293737905])
(3,[0,1,2],[12.024301598133261,7.323473249263131,0.016969053984767557])
(3,[0,1,2],[23.32122906080606,16.357640171879712,-4.199894885014125])
(3,[0,1,2],[6.635378061038988,4.7886606861720695,-9.183802946249983])
(3,[0,1,2],[21.060470334190445,12.060703315359083,-1.207742681437166])
(3,[0,1,2],[13.584527387173456,10.983231957683389,-4.495109060985512])
(3,[0,1,2],[20.17183912402873,5.208313290507658,-0.6160782095409815])
(3,[0,1,2],[30.407527203884925,16.91097818700592,-3.439531928022459])
(3,[0,1,2],[8.633714007557655,-4.611204860251772,-6.507649103833993])
(3,[0,1,2],[-5.909602134656422,-2.29851659604501,-14.097801566398527])
(3,[0,1,2],[25.74718750653933,31.289476078749598,18.829643427212584])
(3,[0,1,2],[13.257882448941432,11.159773754743748,3.1543507106296937])
(3,[0,1,2],[10.552023449300831,6.913818160876027,-5.131657655392362])
(3,[0,1,2],[23.57751754954408,16.52875677706922,-2.2365658249578386])
(3,[0,1,2],[2.1899652298646215,4.580441237242746,-5.146956723899962])
(3,[0,1,2],[35.814392962695315,17.029569099311782,4.88020453586711])
(3,[0,1,2],[27.114571015642735,-3.052831613096454,-15.236747002334281])
(3,[0,1,2],[19.335146527332352,2.368817362315081,-10.00195353462812])
(3,[0,1,2],[20.938536958745267,13.55934767912119,2.0585200992101997])
(3,[0,1,2],[27.58871385625787,15.685562233823118,6.260880631198606])
(3,[0,1,2],[18.89237827935368,4.9021619649112385,-1.8611201187613609])
(3,[0,1,2],[-2.6850335664142913,0.6442410737823729,-10.634885584502138])
(3,[0,1,2],[23.26314051274562,23.44395055838636,11.76793095851134])
(3,[0,1,2],[19.938087678632282,17.48065826150018,5.388096294630421])
(3,[0,1,2],[27.237119897313896,29.13387998772874,18.270056274004787])
(3,[0,1,2],[21.623684062648426,17.8293008233763,5.39797730365699])
(3,[0,1,2],[25.02013731541819,9.96171020568487,0.41303829501687783])
(3,[0,1,2],[11.891258010887091,4.335811400780823,-12.001134398195722])
(3,[0,1,2],[12.462214493380397,8.999709293909703,-1.564648814277455])
(3,[0,1,2],[23.555503238157613,29.56321878929238,16.931580672066858])
(3,[0,1,2],[18.855090153017144,8.394464828393438,-10.638696459637927])
(3,[0,1,2],[20.851186715368776,17.926912062329876,1.5307247651524996])
(3,[0,1,2],[36.43422584389006,27.86179171952191,4.818809739709987])
(3,[0,1,2],[25.457489589885203,17.795514963993593,5.230092745859672])
(3,[0,1,2],[10.374376556088944,7.14938419950493,-4.3860933655131475])
(3,[0,1,2],[8.770316767553886,-5.904700010382404,-15.231720432793532])
(3,[0,1,2],[26.083793520511684,15.251195557006817,-3.6874257401529094])
(3,[0,1,2],[17.584874335657464,-1.577157600810093,-9.939065500008525])
(3,[0,1,2],[-1.8358718050913216,2.7006245701768705,-10.181615787427361])
(3,[0,1,2],[46.79832150202389,43.80211213370041,19.410358983720812])
(3,[0,1,2],[22.83215528557987,26.156936585310746,12.884721733581388])
(3,[0,1,2],[18.790530979210736,-2.872194632401258,-12.697094561298806])
(3,[0,1,2],[12.353801065889556,6.335315091422611,-5.780014394611481])
(3,[0,1,2],[7.30199968228338,-3.1321476039156892,-17.30466817670931])
(3,[0,1,2],[25.874561723303735,15.49945783835359,-5.032005095696237])
(3,[0,1,2],[24.31235878830585,19.485330368113118,8.479438899272868])
(3,[0,1,2],[26.42342012455263,4.630758330756411,-8.335412703105607])
(3,[0,1,2],[32.35557154594565,12.470558385410685,-1.960925572167115])
(3,[0,1,2],[19.760567034049437,-2.9071230529337466,-16.741980888319706])
(3,[0,1,2],[11.179109236682942,5.128028297966341,-8.53998578795543])
(3,[0,1,2],[24.721147210609953,12.27133845972042,-0.3397349510341612])
(3,[0,1,2],[25.52122981134646,26.360094405799963,15.068043899927039])
(3,[0,1,2],[9.719348490099563,3.223756459745122,-12.467342855470951])
(3,[0,1,2],[16.54582332893071,6.286531318898339,-13.74722678298834])
(3,[0,1,2],[16.574995743866033,3.675018748713898,-0.8418114051995119])
(3,[0,1,2],[9.785946004463847,-5.28255777661286,-7.524022500549108])
(3,[0,1,2],[15.192770679698057,8.515329976849015,-4.915383060407269])
(3,[0,1,2],[18.483815595521417,0.16731416938927324,-9.118367304479012])
(3,[0,1,2],[27.466140032390946,20.333186650619833,8.589204474538588])
(3,[0,1,2],[15.410173501919628,3.074881601920435,-4.234678837023486])
(3,[0,1,2],[11.216656918360794,6.774917793160083,-2.6831797543356837])
(3,[0,1,2],[-1.050913749069477,4.232658014774281,-9.293413272693705])
(3,[0,1,2],[13.332514048817021,9.2730846421383,-2.415716599239077])
(3,[0,1,2],[1.8260078265249469,2.2400097722111814,-11.711791467448226])
(3,[0,1,2],[24.10393933909067,23.580350111020632,11.118444026855988])
(3,[0,1,2],[23.617490861088175,12.017416442528013,6.23751316451432])
(3,[0,1,2],[22.546901095470187,21.147623920041042,9.20155914216239])
(3,[0,1,2],[26.89710321749422,31.36390440592646,20.645320985009864])
(3,[0,1,2],[19.309478198778883,-1.3342825297222767,-13.968637022339866])
(3,[0,1,2],[26.80537775621385,29.977380790343354,17.42873015742559])
(3,[0,1,2],[18.239324403744597,6.237079102715813,-2.420433367181038])
(3,[0,1,2],[10.877792714579627,7.422718707604131,-6.4993915586780995])
(3,[0,1,2],[25.256209025213458,17.995672900757256,5.042240509799782])
(3,[0,1,2],[-1.0640247481311027,1.7591258540732873,-12.46369214122926])
(3,[0,1,2],[12.795067839265968,7.851872214807576,-8.601831051373624])
(3,[0,1,2],[20.077045729352523,11.587867301570297,-0.3782391009240311])
(3,[0,1,2],[16.102444565697162,9.910296167486855,-2.6024998313455487])
(3,[0,1,2],[37.90411530536561,19.454444961965443,3.4958186766095354])
(3,[0,1,2],[18.342410490183028,9.816043855529406,-3.6859215165070074])
(3,[0,1,2],[15.088223496844417,2.9723630700760557,-12.071348779235416])
(3,[0,1,2],[19.46025956687076,7.677906641880525,-5.553809561545913])
(3,[0,1,2],[-0.6248798327584373,2.200367257190316,-11.867486152294266])
(3,[0,1,2],[15.388714852626123,1.248528286118084,-7.0532971142167415])
(3,[0,1,2],[6.598123357032321,23.15932778321536,5.98235840691985])
(3,[0,1,2],[12.581618200490315,1.878066839710697,-13.139340527079845])
(3,[0,1,2],[25.442985423381295,32.44103832683651,13.480201442877974])
(3,[0,1,2],[13.118369371396485,2.6952168217164045,-10.326517615584377])
(3,[0,1,2],[18.124989180571948,17.55942798677874,-1.479459203867627])
(3,[0,1,2],[25.4575778408806,20.85434847252176,8.036872358385658])
(3,[0,1,2],[3.400010652594366,6.483483947835784,-5.563000418432637])
(3,[0,1,2],[29.71012217959165,17.76240085303847,-1.1583705514878182])
(3,[0,1,2],[23.21300726264942,-2.0644227078135096,-10.96431350115275])
(3,[0,1,2],[20.07931479712452,8.72077848390317,-4.125385280265629])
(3,[0,1,2],[4.476751200145664,-4.321483929605816,-2.3659110241101553])
(3,[0,1,2],[25.458390356617585,4.327743515887358,-9.990641618105023])
(3,[0,1,2],[27.33165370134043,25.291326011421532,13.559304320488453])
(3,[0,1,2],[19.314267270985077,-4.201024931114343,-13.10582428875845])
(3,[0,1,2],[0.1865197425978664,4.072261833642966,-8.598690567560508])
(3,[0,1,2],[19.30197228330906,6.6460450378719935,-0.6341790546824728])
(3,[0,1,2],[16.291327245819062,8.566049991005844,-0.730576591036288])
(3,[0,1,2],[11.588505836422465,6.322587123048008,-10.917291203908398])
(3,[0,1,2],[17.98875774176192,8.968454720921596,-4.290743074528439])
(3,[0,1,2],[11.6722584530509,1.1752798307577912,-11.125955404593155])
(3,[0,1,2],[27.24087925704799,29.777929066966525,17.986949006077808])
(3,[0,1,2],[23.840491861533295,13.199496683269583,-5.888657475864681])
(3,[0,1,2],[24.74168031971744,16.96438859532471,4.732386130876048])
(3,[0,1,2],[20.555470197859933,17.95963934871205,4.7693731190323545])
(3,[0,1,2],[3.4790574836355637,2.433430589069166,-13.2667982766311])
(3,[0,1,2],[27.115168394153216,-0.024834509118040415,-16.698433441005367])
(3,[0,1,2],[21.658239087454703,7.250996206544377,0.22367460241873638])
(3,[0,1,2],[9.852121364261073,5.995853118158739,-10.438914944877364])
(3,[0,1,2],[27.05978037749956,34.54700914929467,23.557190782307906])
(3,[0,1,2],[24.756782648383805,23.621506504091226,10.725119914216616])
(3,[0,1,2],[26.86772483347739,35.230170789420306,24.06729031482881])
(3,[0,1,2],[-0.8386182619150686,4.357371518667695,-7.8623411344518805])
(3,[0,1,2],[-8.272917961807362,-4.2111174057724075,-23.357362751273076])
(3,[0,1,2],[-2.5667104106537,0.9526477022285462,-12.413642909145542])
(3,[0,1,2],[13.857352335814973,0.30138966426995006,-16.047307944358025])
(3,[0,1,2],[5.4621433840393765,-2.330781297375332,-0.1482224409002254])
(3,[0,1,2],[29.36413972872394,10.432329322309094,-1.6077128812760932])
(3,[0,1,2],[2.575957632001487,3.2026027226001257,-13.587102131329683])
(3,[0,1,2],[21.799352365158583,16.1206285272044,3.7931325281410135])
(3,[0,1,2],[22.455634338038497,2.1873059591401134,-11.802517515679547])
(3,[0,1,2],[1.5687476912248104,2.9959405269609922,-8.76084920825413])
(3,[0,1,2],[33.077363386027535,26.681690736025857,4.306814899451651])
(3,[0,1,2],[9.59729762783003,6.165287141917181,-7.805366774726443])
(3,[0,1,2],[6.728740832869558,4.024777941614605,-7.365841492887219])
(3,[0,1,2],[39.90144920828069,31.075914634795563,8.657021888769691])
(3,[0,1,2],[13.956087703273596,3.849439423950443,-6.59158737295253])
(3,[0,1,2],[11.303033324467583,4.035229596098989,-6.7886639985415265])
(3,[0,1,2],[19.280854915981692,1.992072065873013,-10.143304221547885])
(3,[0,1,2],[22.138853473666387,-6.666675486902096,-20.29130228965739])
(3,[0,1,2],[33.75174863031986,22.91262515312021,-0.436414344355323])
(3,[0,1,2],[24.616016564858416,24.13910534321659,11.347820887180413])
(3,[0,1,2],[13.027600151291233,-2.8100845298859185,-12.541958041226478])
(3,[0,1,2],[15.291577867551311,6.953639721939644,-14.211225317848214])
(3,[0,1,2],[21.266727755372496,10.643006250939376,-2.2825599840717055])
(3,[0,1,2],[11.055636133797638,3.285981393188869,-12.84167287538536])
(3,[0,1,2],[16.274288037741172,-2.5706332846074065,-19.543182935491732])
(3,[0,1,2],[27.518673029648816,23.163706200542375,11.445927237832754])
(3,[0,1,2],[10.228901062649847,-7.78930863242406,-14.762765488093079])
(3,[0,1,2],[21.46630437071168,-0.7821264683647704,-11.079745404711002])
(3,[0,1,2],[5.942693980849106,5.016384649880671,-8.605624771002066])
(3,[0,1,2],[32.21302228165127,24.850158167642345,3.33280738239232])
(3,[0,1,2],[26.42259189625997,25.31130315354713,13.458862196040489])
(3,[0,1,2],[23.207055067733297,-5.104390530455465,-18.540774671257893])
(3,[0,1,2],[16.60220918832475,8.555451131243505,-0.6649842806577617])
(3,[0,1,2],[13.70813103182769,3.5325778146523064,-11.529195251497313])
(3,[0,1,2],[16.61990148786814,1.5123892344445944,-10.452284417938042])
(3,[0,1,2],[19.75833250761778,-2.043647978162129,-13.808597814830875])
(3,[0,1,2],[20.61115563484972,19.72652353194401,1.3358119774576815])
(3,[0,1,2],[20.609672204005534,-2.6947619650355694,-15.826733344291997])
(3,[0,1,2],[9.726813398228314,4.150175868655079,-10.107466655901993])
(3,[0,1,2],[9.775389792359505,6.829336294880819,-3.09141723152208])
(3,[0,1,2],[26.8184448242577,17.358334274799923,10.56788531293713])
(3,[0,1,2],[20.06574794466895,2.47315722454141,-5.920135164958879])
(3,[0,1,2],[11.359620435502894,5.403727930359801,-10.365734769704297])
(3,[0,1,2],[18.535061008283197,-1.282851652159938,-18.45804814885827])
(3,[0,1,2],[11.13478162769298,10.800134311883339,3.6860906392684836])
(3,[0,1,2],[-0.34289837579590987,0.7054810573145422,-13.711951941774748])
(3,[0,1,2],[33.73953965091823,43.21477816587443,33.13452480780017])
(3,[0,1,2],[-2.9817083905134787,2.2644424087395194,-10.56538206353171])
(3,[0,1,2],[17.3313785155568,-0.6961835248354893,-14.130206457431413])
(3,[0,1,2],[30.863661040732715,23.84539115947853,2.3993878320016444])
(3,[0,1,2],[15.546985637139167,17.56382186852999,0.37052274497901605])
(3,[0,1,2],[9.252418098573571,-1.0926101080962918,-6.0005532817112295])
(3,[0,1,2],[24.051726407155602,-1.7107529696242716,-12.395331141704549])
(3,[0,1,2],[25.713848570206203,13.504292910025315,-5.033793967241352])
(3,[0,1,2],[11.346785174987474,1.9497641020026253,-9.291158813250457])
(3,[0,1,2],[18.602345603131525,2.1527924695705085,-5.943549592844416])
(3,[0,1,2],[20.705899701344855,25.52565225528438,8.76128311574805])
(3,[0,1,2],[16.16971521841341,6.822853999639874,3.4414025921408724])
(3,[0,1,2],[27.36111393360969,20.918406531035494,9.367793480109329])
(3,[0,1,2],[17.82528178736917,-0.02845325464209525,-13.281112769580325])
(3,[0,1,2],[11.893171623575089,-6.088732188304221,-12.817994845252116])
(3,[0,1,2],[23.423182372520053,14.354249956141544,2.5694450061824217])
(3,[0,1,2],[6.083237701392829,14.351113632605802,0.9709700616783266])
(3,[0,1,2],[21.344290718466162,-1.496376434341257,-15.704282361147797])
(3,[0,1,2],[15.286132849082009,0.12445360337270484,-11.769208460452472])
(3,[0,1,2],[22.828145436117907,17.119710255941552,5.372754934427018])
(3,[0,1,2],[15.765739505312792,9.029450566145497,-0.7680136237593289])
(3,[0,1,2],[29.742830733449143,32.76258956530429,20.915882710066413])
(3,[0,1,2],[21.003192853364418,22.094828193588743,6.032517506360341])
(3,[0,1,2],[16.830147187043185,1.3066113576720535,-13.888686632223777])
(3,[0,1,2],[5.859639753096535,6.902292871398256,-6.085040959523585])
(3,[0,1,2],[15.625756982206301,11.269271874922172,3.0149089533633413])
(3,[0,1,2],[-2.020539187081913,-15.181642610118647,-15.754301063135781])
(3,[0,1,2],[14.150607360004154,3.3725203629970735,-11.517380122901475])
(3,[0,1,2],[4.087707786297715,2.361026969258828,-13.450847974328717])
(3,[0,1,2],[31.272738554262,15.217772429199556,2.0599885516673475])
(3,[0,1,2],[28.298348110501625,32.41835870210957,21.67165032031726])
(3,[0,1,2],[26.19602028915939,24.495607747201586,6.51446597137169])
(3,[0,1,2],[17.66651828678958,11.173098271332064,3.0021262717789625])
(3,[0,1,2],[16.706392354114683,0.6378170495893456,-8.106794215414457])
(3,[0,1,2],[22.18262847429462,16.251134215573973,2.8444728556749794])
(3,[0,1,2],[10.582351337203463,7.131215904849027,-5.0112793690650985])
(3,[0,1,2],[26.629028228145565,18.69197570381159,-1.5439662263111193])
(3,[0,1,2],[23.280146749477534,18.57021260868064,6.456938229380169])
(3,[0,1,2],[26.772867271425493,33.57757728620669,21.130892399826518])
(3,[0,1,2],[4.701922461200207,0.8105719790446628,-9.865423076951373])
(3,[0,1,2],[19.269939459686356,19.631888243313092,-0.9879326938336881])
(3,[0,1,2],[27.091035144257578,4.817221821523379,-7.5284372746302655])
(3,[0,1,2],[20.81386074998624,-1.7674477457065867,-11.62735697952335])
(3,[0,1,2],[12.900588894025944,-1.2746936705184728,-6.837290549676997])
(3,[0,1,2],[13.843729780006571,1.2734110071732823,-11.505829175412567])
(3,[0,1,2],[9.113127301774776,0.8392222488075938,1.5116432963824775])
(3,[0,1,2],[18.803510615199617,2.8318106503205156,-16.42155691247109])
(3,[0,1,2],[18.965294025141205,1.3076280119786834,-11.566080820239954])
(3,[0,1,2],[6.495137314723209,2.6213812089554165,-14.385114859304597])
(3,[0,1,2],[20.84769755412253,12.458004030015063,-0.4576126931946989])
(3,[0,1,2],[13.340162521180297,2.167204696032059,-9.580305482860695])
(3,[0,1,2],[28.615322188601926,9.125497794142717,-2.9000935095464717])
(3,[0,1,2],[21.11991405465377,23.182458044867502,6.290403136545557])
(3,[0,1,2],[5.276993648357232,4.091290837627158,-16.88083824823938])
(3,[0,1,2],[17.75105718847884,10.932423868833967,-7.466671883941593])
(3,[0,1,2],[9.860933246311626,3.1407969538702547,-16.680985591838926])
(3,[0,1,2],[10.498527243004169,5.710653049916772,9.46402276370458])
(3,[0,1,2],[21.279433464516156,13.364678237355184,10.016369419061576])
(3,[0,1,2],[14.625640580059324,3.082080174550479,-8.653664373684308])
(3,[0,1,2],[36.64182241385002,29.54325172635102,5.969928185263441])
(3,[0,1,2],[19.00796039199092,3.644302207619674,-5.411215840712639])
(3,[0,1,2],[-1.869783233737671,0.7323831831099501,-11.032295382365959])
(3,[0,1,2],[27.101449523818914,24.052706290945988,0.517841353198214])
(3,[0,1,2],[18.331263786965675,9.285396716775914,-3.755541105456343])
(3,[0,1,2],[16.141695695034862,12.42603368735783,-4.897536854687061])
(3,[0,1,2],[13.315784574732,4.399381990352707,-9.184633915715583])
(3,[0,1,2],[23.70168658895166,19.10938756889286,6.729013168717981])
(3,[0,1,2],[1.5133287026820215,2.827442184115225,-8.922266836894408])
(3,[0,1,2],[10.763912895060402,13.353055708349812,-2.903087057307168])
(3,[0,1,2],[25.12357618450378,16.711498600858313,-4.161252658568836])
(3,[0,1,2],[9.733181960142726,-3.929890300715897,-10.992063481802449])
(3,[0,1,2],[21.07215458864364,0.6145346844670585,-13.090216963085219])
(3,[0,1,2],[23.03232537296556,14.560402056074135,-6.006472935832477])
(3,[0,1,2],[14.168436228517407,5.546876088511823,-3.5611240990843305])
(3,[0,1,2],[19.867619741630737,10.699457028449487,-0.9662337499063287])
(3,[0,1,2],[12.575216191955434,1.4509959346705965,-11.96603001204828])
(3,[0,1,2],[2.379390650893643,4.529338611131978,-8.826642792290833])
(3,[0,1,2],[1.6315187586900657,3.613444341122792,-10.584335987415109])
(3,[0,1,2],[7.883355476840136,3.86443179603767,-12.144990698948671])
(3,[0,1,2],[24.531926090297723,23.94109603184226,12.65101221842908])
(3,[0,1,2],[23.646097662943152,13.381245679659827,-0.2440374602351647])
(3,[0,1,2],[21.5736885777526,14.006268659074165,0.45635257466657353])
(3,[0,1,2],[11.070133001335208,13.667394013255795,0.1943876893305212])
(3,[0,1,2],[35.487690258195215,22.903981227872915,8.989198907015219])
(3,[0,1,2],[33.09710466107175,19.758203741076393,9.05834395924149])
(3,[0,1,2],[0.12484062498219162,-11.779532194975499,-12.729914418485567])
(3,[0,1,2],[16.777871486562045,-5.502982002963107,-20.677028620155095])
(3,[0,1,2],[16.4415564383673,6.349901203945491,-8.220862541521807])
(3,[0,1,2],[5.602170022995993,-0.5467053342306656,-17.121493738131466])
(3,[0,1,2],[11.490044107196685,6.505240774530138,-3.9076531085375183])
(3,[0,1,2],[30.665910336493376,40.94431743854988,29.647988272175777])
(3,[0,1,2],[26.833695229605546,16.13376553297038,-0.45810593970688895])
(3,[0,1,2],[15.294754178498536,16.777288847427474,0.25053751834536264])
(3,[0,1,2],[14.632713002857582,9.14476299932676,-2.159778245814718])
(3,[0,1,2],[18.5364571827468,1.6347392791804696,-13.722910958481704])
(3,[0,1,2],[4.082757320654855,4.173707161543026,-4.940048934532573])
(3,[0,1,2],[26.874950049046276,41.0533888926922,28.91643364082693])
(3,[0,1,2],[12.811655907652233,7.87038419275542,-8.948451083694751])
(3,[0,1,2],[28.931136731079942,-5.585975569573754,-19.94411273609009])
(3,[0,1,2],[19.218855135378462,1.5060195794552669,-7.00416361092207])
(3,[0,1,2],[0.5508701250312953,1.1000809845365371,-10.386715706267985])
(3,[0,1,2],[25.4060404530682,20.83122856008635,7.536722286746663])
(3,[0,1,2],[19.396892321422598,-0.03757686881469646,-12.98264176266998])
(3,[0,1,2],[24.48011057410164,17.360773629376723,-3.1373697204963347])
(3,[0,1,2],[13.519327096632827,-7.770887919109338,-14.764689554407916])
(3,[0,1,2],[13.356168658410793,0.32058740215855885,-8.05810231631695])
(3,[0,1,2],[6.655977911802376,4.794827119243523,-8.288982057190887])
(3,[0,1,2],[8.862485103860452,6.914387990304819,-9.932827805501224])
(3,[0,1,2],[18.619191478842534,10.313817883246136,-3.747042397170709])
(3,[0,1,2],[37.37147749522885,22.73946633178732,10.816560084439038])
(3,[0,1,2],[12.67369699316902,3.3025944104046703,-14.9405941370885])
(3,[0,1,2],[27.102443408233334,13.693984959181376,4.538704207060034])
(3,[0,1,2],[11.78379323907068,5.536661307934343,-9.228122696457195])
(3,[0,1,2],[9.920128887303427,3.3410704521525862,-12.572725003644953])
(3,[0,1,2],[7.583247424571075,2.7811600546945368,-11.943061404041547])
(3,[0,1,2],[27.544378322012292,31.781525818099993,10.217932474070565])
(3,[0,1,2],[25.200170572352487,21.239307643423874,9.312492289273049])
(3,[0,1,2],[17.834555770527135,9.477484539708627,9.277405519843624])
(3,[0,1,2],[4.883998539090413,4.96871656754373,-11.030359947934215])
(3,[0,1,2],[27.31072445968848,28.000749067689167,17.024593176196277])
(3,[0,1,2],[5.020075874680719,8.77133939982475,-7.997359770942243])
(3,[0,1,2],[15.112030040747145,-0.8149728960300955,-10.127222035456164])
(3,[0,1,2],[14.501444675520183,-2.4232986896040742,-8.29658958972559])
(3,[0,1,2],[35.45826512352221,28.633672337684512,6.6869053946938575])
(3,[0,1,2],[12.911538271889992,-0.6134712540445963,-5.8732592890401705])
(3,[0,1,2],[26.726459705660293,24.641784240991154,12.994510360724574])
(3,[0,1,2],[24.83201713939774,14.212472937548581,10.237868622212908])
(3,[0,1,2],[14.008784085001373,0.9336231483198607,-17.326090860793023])
(3,[0,1,2],[25.150970585109373,-9.266916508271272,-24.916283416096753])
(3,[0,1,2],[25.5338921944305,-4.196830687147594,-11.316375320892112])
(3,[0,1,2],[20.605092019890478,1.5250665012573676,-9.459349942420662])
(3,[0,1,2],[9.583621757021076,5.622259713179487,-3.6365864447962393])
(3,[0,1,2],[23.00581644099698,9.848167895690562,-12.936008978655368])
(3,[0,1,2],[28.544391680256794,25.888708853119173,14.626772108211425])
(3,[0,1,2],[31.845320978841627,19.533630367937786,8.14067866037919])
(3,[0,1,2],[23.788668767695277,13.320961033385212,0.09123756299044405])
(3,[0,1,2],[25.829032126181747,14.171650065295411,-7.64474649926364])
(3,[0,1,2],[8.290053209691902,5.968732613223574,-3.2075061665781712])
(3,[0,1,2],[25.983883344582615,24.547537951043054,13.393693751151186])
(3,[0,1,2],[15.435165284219435,11.126758640551927,15.875047766571434])
(3,[0,1,2],[10.147778434704847,5.085181113038143,-10.393567905395043])
(3,[0,1,2],[12.940002783496555,18.795080630378877,1.6907874532751075])
(3,[0,1,2],[10.41066791924858,8.401310708480246,0.3195658110647963])
(3,[0,1,2],[15.439651137581556,0.27605600981129386,-11.291448141421458])
(3,[0,1,2],[14.928137038628305,-1.2175549797962342,-18.14654668946038])
(3,[0,1,2],[7.192838921219778,-10.083694392025112,-15.071256024339121])
(3,[0,1,2],[20.66887541020263,10.987316707405737,-0.6189867582128608])
(3,[0,1,2],[20.707134213941842,-0.7261372485443343,-12.087063310834079])
(3,[0,1,2],[9.797999638204576,4.766718148699601,-10.373061739811176])
(3,[0,1,2],[29.80408087276912,7.063518077478153,-8.18855803324846])
(3,[0,1,2],[26.781690231848085,30.637983345816718,19.501772060645607])
(3,[0,1,2],[32.026303136765655,38.47914072991777,26.609111786736186])
(3,[0,1,2],[19.325289636942017,14.18816689090907,-4.615291704375572])
(3,[0,1,2],[5.40546133082043,7.5642348719083685,-0.47589583407867586])
(3,[0,1,2],[28.966976242158342,25.86954320357071,13.494671320813682])
(3,[0,1,2],[11.913788161863904,4.794393069773722,-7.311859696065606])
(3,[0,1,2],[17.139864306676515,8.845021635783079,-6.767954711540732])
(3,[0,1,2],[26.72951444000188,12.5951647605287,-5.860952575885962])
(3,[0,1,2],[5.877132649017651,3.4195073546632653,-10.207275404233641])
(3,[0,1,2],[2.5358845972888764,-13.685633339456656,-16.85323155139343])
(3,[0,1,2],[28.170827211883747,29.118086469444158,8.31316329162284])
(3,[0,1,2],[30.050153446555843,32.449514264774066,20.350720293751046])
(3,[0,1,2],[9.411145831820615,8.631257227463145,-3.1637665248742666])
(3,[0,1,2],[21.832095918596973,3.8904418247293786,-15.204979612818661])
(3,[0,1,2],[26.066404471136238,16.493455905120303,-4.171221296531559])
(3,[0,1,2],[21.662628585328008,1.6680752112355341,-9.053372873604092])
(3,[0,1,2],[7.4019861397460485,2.849012507645179,-15.06460176285681])
(3,[0,1,2],[3.678368575853918,6.959684850056575,-8.656627806581437])
(3,[0,1,2],[12.176353242681696,6.5745854141592694,-6.651733801492093])
(3,[0,1,2],[7.205098287198805,4.899821001642941,-13.176214973253126])
(3,[0,1,2],[17.500084080340123,-1.5891133310189849,-16.88009260476218])
(3,[0,1,2],[6.904457201096468,2.243548784235495,-17.183402327609727])
(3,[0,1,2],[14.565130350158459,14.452258970031638,-3.529304848505977])
(3,[0,1,2],[24.655798051675575,27.819762364925246,16.34915681737043])
(3,[0,1,2],[24.197831047021356,20.37629953527689,9.636942734447397])
(3,[0,1,2],[11.5535944472249,-0.6132640197516539,-2.767516391420703])
(3,[0,1,2],[13.041480521936052,4.497299056425133,-13.257620106954956])
(3,[0,1,2],[24.184810561456906,16.17625415254692,4.062651660046629])
(3,[0,1,2],[30.719469021382505,31.14819797699718,11.337388015949557])
(3,[0,1,2],[24.026064845349474,14.21771876026784,-6.579838586517106])
(3,[0,1,2],[15.77699252434034,5.030304743268399,-12.262057670437862])
(3,[0,1,2],[21.862923032935036,0.35869666246138365,-9.172752828390013])
(3,[0,1,2],[25.076434088059095,15.54439431842758,4.072822205625519])
(3,[0,1,2],[9.077739122533405,0.4461039949450445,-17.807433816634433])
(3,[0,1,2],[12.52816965383765,-0.834567643798982,-19.643006450551482])
(3,[0,1,2],[-4.059195073331022,2.122557469674846,-11.065822049284744])
(3,[0,1,2],[27.0659452273861,6.643027069199172,-7.6609201370686515])
(3,[0,1,2],[35.49705238483061,31.38887619302004,9.578088637627586])
(3,[0,1,2],[17.346060025864634,2.644620734992186,-6.570902549202835])
(3,[0,1,2],[21.37452744339698,17.423674188278568,6.143577068027684])
(3,[0,1,2],[4.644788663046906,2.801497130618656,-10.30299393977575])
(3,[0,1,2],[24.61839123264772,22.66854356952597,11.454303815084348])
(3,[0,1,2],[14.198576195660678,1.6537099804865023,-11.534950557463192])
(3,[0,1,2],[17.559913657188584,0.591315911314962,-8.86707451842959])
(3,[0,1,2],[5.817528726250965,6.135937460151358,-7.588142967468393])
(3,[0,1,2],[11.498572641749938,11.843012425013367,-7.660088066380785])
(3,[0,1,2],[15.790114047121515,3.1515739320902574,-10.916879033212345])
(3,[0,1,2],[9.48175940411784,-5.882344677729496,-9.470427098822288])
(3,[0,1,2],[19.425818352839475,-2.9953871414177393,-14.254460568558335])
(3,[0,1,2],[6.51236681703384,4.586954907547474,-10.747504497249276])
(3,[0,1,2],[11.606386786587695,1.59779903802478,-12.700290923213917])
(3,[0,1,2],[4.2216120560459585,3.009690147191079,-11.057560603580118])
(3,[0,1,2],[30.45762669133484,28.76308575919934,16.948235942865587])
(3,[0,1,2],[18.36837605510788,2.409318449652976,-5.936992922073157])
(3,[0,1,2],[16.83265358503575,26.440299194729135,7.219048341782541])
(3,[0,1,2],[23.571326931060195,21.471026475800404,4.693939722529124])
(3,[0,1,2],[35.50995424246554,20.222138664647638,8.925718400287698])
(3,[0,1,2],[15.033721418899567,3.3054649229518853,-10.843904621438034])
(3,[0,1,2],[20.772232986302015,12.075687443703886,-1.3408599253044011])
(3,[0,1,2],[22.7195462933041,-2.950657012607473,-12.135319589367178])
(3,[0,1,2],[21.582635582997227,24.540806910572257,3.157383427636361])
(3,[0,1,2],[9.70523508904477,-7.388579993517327,-10.609993825517343])
(3,[0,1,2],[21.337034021045003,6.77753542368671,2.040524330094872])
(3,[0,1,2],[28.35694307644456,33.827188530798246,21.971329200832173])
(3,[0,1,2],[16.47477239601366,0.6491273398446813,-12.660413276792806])
(3,[0,1,2],[22.19651023231275,-0.3060113718349402,-11.189984940379958])
(3,[0,1,2],[30.357134031098667,37.658776019357006,27.567966634309496])
(3,[0,1,2],[28.282371995001924,11.903138172956217,1.1687155402512535])
(3,[0,1,2],[23.220585937321328,-4.2248815472569206,-16.271849238366222])
(3,[0,1,2],[16.585080421093082,-2.2328579658991097,-17.95874777090293])
(3,[0,1,2],[3.2162537431163027,4.732503416928868,-8.315816530452953])
(3,[0,1,2],[20.634949119982537,14.793626573449986,-2.436992570159467])
(3,[0,1,2],[9.549922174774974,4.858921963399742,-6.935155122543392])
(3,[0,1,2],[29.780237434490346,33.72157418769588,23.246947512609946])
(3,[0,1,2],[38.04561384616516,22.90702963910739,0.1382610488897149])
(3,[0,1,2],[22.405342476527736,14.56252554654544,1.412755176595011])
(3,[0,1,2],[16.431734127995636,2.2068500544337146,-12.660527705397897])
