(3,[0,1,2],[-7.893997210867038,-7.041740855613455,-2.217254733699422])
(3,[0,1,2],[9.009144538373736,18.162495565646317,25.675578962289116])
(3,[0,1,2],[-1.5048889542732036,3.3600442199242897,12.688066423875929])
(3,[0,1,2],[-0.7966742399675335,3.5071643495398765,3.81680430546895])
(3,[0,1,2],[-6.782370469419081,3.187740105514332,-0.03766673960921596])
(3,[0,1,2],[-6.204738919071974,-4.087420375858756,-3.8756933817833983])
(3,[0,1,2],[12.975216756108829,23.01922758083929,38.097441213778275])
(3,[0,1,2],[5.220096434548825,3.223460810562868,13.485868915025174])
(3,[0,1,2],[0.8210078766907412,-0.44877471783835854,-0.8203240367329224])
(3,[0,1,2],[4.264731261353548,3.376151928595811,17.98340122956943])
(3,[0,1,2],[23.43009286924671,32.60790086507381,43.50771518585214])
(3,[0,1,2],[-2.3926105524421724,1.0428816797282359,-6.332251685858292])
(3,[0,1,2],[-11.028747807177902,-7.209264197391596,-1.193666066253477])
(3,[0,1,2],[-12.257183379381392,-12.920606626874063,-7.793495477334901])
(3,[0,1,2],[-5.642701299614241,-2.621758881226243,0.47599922417978746])
(3,[0,1,2],[3.866134683671923,0.651298482299524,3.7202737127896772])
(3,[0,1,2],[-0.1567351038810592,7.904007935510129,11.72851894116543])
(3,[0,1,2],[-15.765973926599472,-16.100891842030748,-16.627643163261464])
(3,[0,1,2],[-4.706549923391278,-5.965525176575582,-7.459326034575198])
(3,[0,1,2],[-7.25915169621604,-3.688620619693727,-0.12197717819499432])
(3,[0,1,2],[-10.152699956236454,-4.735046946916998,-0.9706659360668988])
(3,[0,1,2],[-3.4472625157304493,4.1626065779574235,10.570220178119676])
(3,[0,1,2],[-9.059415653337824,-3.0381884218686768,3.449721232719501])
(3,[0,1,2],[-10.343025433434505,-6.154299999199205,-0.47211326385812513])
(3,[0,1,2],[-12.996623083452146,-9.667833723966154,-3.374862931914114])
(3,[0,1,2],[-17.459306914286028,-22.934410845002287,-27.448870263289272])
(3,[0,1,2],[-2.77512585250863,2.0786754648919654,14.578947409688089])
(3,[0,1,2],[2.2561576775726015,7.547910336202808,11.840704928843191])
(3,[0,1,2],[-3.91472851855243,-4.494349356868531,-3.2856748587393296])
(3,[0,1,2],[-3.4759620911915814,-7.81594371617895,-2.413890901062892])
(3,[0,1,2],[-12.518922312944289,-9.010624589678985,-1.4915965466158894])
(3,[0,1,2],[-8.724027980202866,-3.111708818684856,6.961242577390342])
(3,[0,1,2],[-0.7266714294040564,-1.9332270857016745,3.4235782729327813])
(3,[0,1,2],[3.846961352163567,3.2756718702924275,6.597266207433265])
(3,[0,1,2],[-9.530074105693613,-6.613749185392668,0.9470293131898133])
(3,[0,1,2],[13.007628555663098,23.29299778572284,27.883507953611907])
(3,[0,1,2],[-1.0587897391366725,1.7536169147407459,5.516641951165594])
(3,[0,1,2],[13.306501771781782,25.185656443552446,32.56057222134461])
(3,[0,1,2],[-6.475018324772884,-5.744584707481991,4.680842019103961])
(3,[0,1,2],[-5.781707492466412,-0.9537285394628021,7.073697441360788])
(3,[0,1,2],[9.32542130536822,15.951276246360775,27.044659879028])
(3,[0,1,2],[-1.2228519617937537,2.661752928260631,10.177830284922768])
(3,[0,1,2],[-11.415351464973313,-13.60412481029007,-14.81637868983998])
(3,[0,1,2],[-10.363821168768606,-7.4083801955665525,-4.718315482478952])
(3,[0,1,2],[-10.041600056645633,-15.610388993398056,-17.35981370626333])
(3,[0,1,2],[-13.166670768538811,-18.722002407249434,-12.644509678314709])
(3,[0,1,2],[-13.406762907334253,-13.193355399640605,-8.622539516354973])
(3,[0,1,2],[-6.650388564512469,-4.590841873197784,2.0302786908762234])
(3,[0,1,2],[-8.751549889024599,-15.864547159459024,-11.765091278172815])
(3,[0,1,2],[2.5960937409973073,2.926394583468035,6.8027787966044855])
(3,[0,1,2],[-5.040895247835336,-8.01781189617541,-9.105983420887924])
(3,[0,1,2],[4.142223141361871,6.286014509214973,17.930247679311343])
(3,[0,1,2],[-2.8410218850225735,-0.11084571478692334,-2.605141111686106])
(3,[0,1,2],[-3.6913696677927055,-3.044145201098805,-0.31963426204565437])
(3,[0,1,2],[3.30368373663054,10.31543927869285,15.940584304255914])
(3,[0,1,2],[4.1498746363902415,3.822816560718209,11.77401227695007])
(3,[0,1,2],[-11.074202100564106,-14.873161334216757,-18.123891375705572])
(3,[0,1,2],[10.848341934436728,11.19060298474627,21.795995064515555])
(3,[0,1,2],[-10.559973330820926,-8.379285387631683,-10.818666897874227])
(3,[0,1,2],[-9.150012123121654,-2.761107995646694,-5.6827230222238345])
(3,[0,1,2],[-10.637470469232056,-4.676836375622085,-0.4495829388825825])
(3,[0,1,2],[-1.3272022101912908,8.74646614669625,20.604346381405218])
(3,[0,1,2],[-3.6539209047195063,4.2992807152814425,5.182707798169545])
(3,[0,1,2],[-13.781010346922244,-8.845873639934975,-8.94314475931274])
(3,[0,1,2],[8.131894293861974,9.720759772198154,19.17644523878452])
(3,[0,1,2],[-0.3301212641755604,6.667540216555974,19.19943739123545])
(3,[0,1,2],[-1.336603604216938,2.846489633270128,14.980656320456522])
(3,[0,1,2],[-13.869601211629996,-20.175968236080156,-20.458927397389196])
(3,[0,1,2],[-8.427896577455394,-5.504115375315955,-8.213935863839826])
(3,[0,1,2],[-14.199546658393306,-15.66357293053046,-16.873173228303553])
(3,[0,1,2],[-10.354402971686085,-14.37887645648966,-20.94037255824346])
(3,[0,1,2],[-19.61631674143321,-28.641202745841362,-22.42481366595581])
(3,[0,1,2],[0.30531288600802187,5.306493855000053,9.520817945708368])
(3,[0,1,2],[-7.673446286336878,-3.5178029635725854,3.231482847265735])
(3,[0,1,2],[1.2564806255338277,5.609103173772709,13.321886481452351])
(3,[0,1,2],[-13.068373697379087,-5.758496073644233,1.7538965528306192])
(3,[0,1,2],[-2.58497792055063,-0.9746625420531605,1.62852656889242])
(3,[0,1,2],[-7.0210474671426075,-2.0380151198819085,-5.0958251523563085])
(3,[0,1,2],[-5.939750064811904,-6.989446880862838,-2.2068609686732743])
(3,[0,1,2],[1.2152741997432506,0.9021024251309044,10.75770114232167])
(3,[0,1,2],[-12.093202241062995,-11.86279769944302,-6.374645345109169])
(3,[0,1,2],[-6.804409922047946,-0.28980805417677935,3.7204067038576896])
(3,[0,1,2],[-4.421575356199249,1.9607969501591218,5.5451484618996005])
(3,[0,1,2],[-10.628082019559937,-13.952926828075764,-19.8293844330176])
(3,[0,1,2],[-3.574781367264972,-2.4098956368038174,-5.71590643381974])
(3,[0,1,2],[-1.9865247467880807,2.0810275510898393,5.636402953111918])
(3,[0,1,2],[-13.630770415529057,-14.264185988902291,-13.349311783404886])
(3,[0,1,2],[-11.591823351345838,-7.363248170487171,-10.763206980159026])
(3,[0,1,2],[-6.274457667305432,-8.842975220575292,-11.747035431614371])
(3,[0,1,2],[-8.42450175751634,-3.238421884634004,-0.22997153636380485])
(3,[0,1,2],[5.13748248926366,9.527341707592475,11.853730579042958])
(3,[0,1,2],[-4.1109009390839475,2.7044861355721057,9.714120328315516])
(3,[0,1,2],[-13.926119202683182,-18.450911273371844,-23.35047878851663])
(3,[0,1,2],[2.926285082658125,9.381100388659602,18.33489610147745])
(3,[0,1,2],[-15.495238066800587,-20.359609750356196,-21.4650543890145])
(3,[0,1,2],[14.027160094313293,24.567218092077617,33.77718912919782])
(3,[0,1,2],[-3.728012381755951,-1.672113309329728,-5.086080026944798])
(3,[0,1,2],[4.301870092371134,11.836537842737002,22.039147295397818])
(3,[0,1,2],[-12.263417538314735,-6.568376408478649,-9.008439283396184])
(3,[0,1,2],[-0.7863366786104946,1.818181713709944,5.865097100911791])
(3,[0,1,2],[-13.192885734076494,-8.909853105600046,-1.6691823158587424])
(3,[0,1,2],[1.1815771603543095,-0.21852394921612928,6.579932302928811])
(3,[0,1,2],[-18.27665491155599,-21.247545272301487,-24.04746626244807])
(3,[0,1,2],[-3.8923793342802826,3.521885320325009,7.8749252153748825])
(3,[0,1,2],[-10.64721339248264,-7.845452261459658,-6.916065504999526])
(3,[0,1,2],[-12.535083116303266,-15.144812738757313,-17.163766932412404])
(3,[0,1,2],[8.308639131847885,8.932468458676002,13.928825363694788])
(3,[0,1,2],[-10.318056272947375,-8.171982343086189,-6.624006935085502])
(3,[0,1,2],[-9.453822557543717,-3.701358961052038,3.3289709388258686])
(3,[0,1,2],[0.3413597997943555,-2.1047440683782948,5.888056846067576])
(3,[0,1,2],[-10.111937352520831,-7.836871501958984,-6.014873660597633])
(3,[0,1,2],[-10.95894461724757,-6.252049629915144,2.058754115984563])
(3,[0,1,2],[0.13827110741518003,8.59143595155788,14.4133417889039])
(3,[0,1,2],[-2.5605517144143186,-3.989492849835071,-0.30957862892335425])
(3,[0,1,2],[-0.05686606299478726,-0.08934282516320458,-1.882954493615625])
(3,[0,1,2],[-8.556192461243413,-2.4416841368061846,2.740289472252436])
(3,[0,1,2],[-9.713642313860559,-2.516461093712003,-8.34135378174621])
(3,[0,1,2],[-5.389568662823889,-8.728101142458334,-7.036509029463585])
(3,[0,1,2],[10.435468831219584,9.38851791771482,17.300643012109898])
(3,[0,1,2],[18.388289139154516,27.25592085678011,40.45313097501435])
(3,[0,1,2],[1.5829590421801194,5.779575514570944,9.644413865781672])
(3,[0,1,2],[-16.437854314356308,-17.019522721858642,-15.197967114150375])
(3,[0,1,2],[-8.24760883343573,-8.448017150429456,-2.0461440078133997])
(3,[0,1,2],[-2.0693190625455715,-8.489122159920328,1.5207745899488547])
(3,[0,1,2],[-11.923763555864873,-9.108320004421902,-8.36208281111072])
(3,[0,1,2],[-2.480281298821075,3.270348222419856,7.91365440814031])
(3,[0,1,2],[6.861306092753231,9.65705517074161,8.155084140041565])
(3,[0,1,2],[-9.874554427532058,-10.389130428594495,-12.06740127678632])
(3,[0,1,2],[-10.410327479209526,-8.208278364946935,-5.2338770246678195])
(3,[0,1,2],[-15.014070768526148,-10.06646394649628,-3.3191256537543383])
(3,[0,1,2],[-17.37616118065944,-15.03035199663669,-9.609436541470927])
(3,[0,1,2],[-3.2638937792158234,-2.4083277872506392,9.239609653870927])
(3,[0,1,2],[18.688686434247337,30.696525468939043,41.43829709026985])
(3,[0,1,2],[-11.129199889635826,-10.81981620148409,-3.388599155353305])
(3,[0,1,2],[-1.6532706568905269,2.992142205908756,4.084621306382798])
(3,[0,1,2],[-8.229422461556972,-9.533541890475686,-2.082789901277497])
(3,[0,1,2],[-5.800746929603488,-5.119621199645154,-3.7094156341583373])
(3,[0,1,2],[-22.32508345334889,-21.855939545252056,-25.6447378622949])
(3,[0,1,2],[-10.48017573033419,-12.184589329426705,-9.252064424070209])
(3,[0,1,2],[-5.513192948091038,-2.8339460845800124,3.9633782653437932])
(3,[0,1,2],[-12.886169017794266,-11.309339654140832,-16.54474014316755])
(3,[0,1,2],[-8.64214840227256,-6.457543258123744,-2.3895212057214055])
(3,[0,1,2],[7.356470629710495,20.993968878898027,35.6412064292508])
(3,[0,1,2],[-1.0509850616061562,7.482587268702403,5.4290408076001135])
(3,[0,1,2],[-4.77200842841497,-1.9692639143827644,2.828107794930375])
(3,[0,1,2],[3.364839856892195,8.523477492009203,18.05869108505168])
(3,[0,1,2],[3.6908027601306337,9.894036324875948,14.312915308925954])
(3,[0,1,2],[8.264820962770106,11.707379860096074,9.19828910404845])
(3,[0,1,2],[-1.4625657043070905,2.5899341402347913,9.655850850667203])
(3,[0,1,2],[-12.941344221988695,-14.920552560403276,-14.144312320341651])
(3,[0,1,2],[-10.046036741828217,-6.20131219082089,-10.43290669431322])
(3,[0,1,2],[-3.421024508909325,-7.221009488452905,-7.985780699841535])
(3,[0,1,2],[-15.85176913466235,-11.413189526915229,-4.785224812658113])
(3,[0,1,2],[-0.6828318215236737,-5.59724957709188,-4.462239099760149])
(3,[0,1,2],[7.764101940530761,15.625005045816259,23.32877095787012])
(3,[0,1,2],[8.371693112259548,13.237990315573356,20.131691633345746])
(3,[0,1,2],[-3.3424259553444546,-3.9965212365102647,-1.950278013010771])
(3,[0,1,2],[12.927345738655191,16.010513263429026,32.30209712153734])
(3,[0,1,2],[-11.930812911341393,-19.277033285936426,-24.235963551482])
(3,[0,1,2],[3.177859152191963,7.909139483713821,13.31092861936284])
(3,[0,1,2],[-14.960683532466492,-21.26915658143118,-17.57368215627028])
(3,[0,1,2],[8.11505152822938,12.82755882168926,20.99773904616457])
(3,[0,1,2],[-9.257807022798298,-10.763092427877881,-6.512211960757832])
(3,[0,1,2],[-10.621206617892167,-16.847919156698314,-8.811829415461352])
(3,[0,1,2],[5.928356464341037,2.9440213911114013,9.802205876341223])
(3,[0,1,2],[8.640450524104098,15.758132659755788,22.914517652896357])
(3,[0,1,2],[-14.379912263901355,-16.743257078067224,-6.471710563451348])
(3,[0,1,2],[-9.864952091688425,-13.40047127899458,-14.167146905962213])
(3,[0,1,2],[-0.5708873454892589,4.869973865029344,8.328658369297196])
(3,[0,1,2],[-6.840297764566049,-3.099369175357344,-5.966515220030118])
(3,[0,1,2],[7.145504128682044,10.556217885101937,23.4119351242481])
(3,[0,1,2],[-8.497398640840292,-7.062316118803066,-0.47453346514796835])
(3,[0,1,2],[-0.708949768343875,5.661510031947029,12.043176033999483])
(3,[0,1,2],[-6.840952819272474,-8.979034785622723,-2.9410920621931944])
(3,[0,1,2],[-8.083645481500996,-8.39820505455194,-1.1492384278366679])
(3,[0,1,2],[3.457581557664019,3.188679377576438,9.880105903783981])
(3,[0,1,2],[-8.613789653234797,-10.102540356205033,-12.816524052577924])
(3,[0,1,2],[-6.546067104836794,-1.5922824451714392,2.78365194059714])
(3,[0,1,2],[5.131575670672653,10.890165860931527,18.99821312940173])
(3,[0,1,2],[-10.822769004272681,-12.782047511279993,-6.276522889795997])
(3,[0,1,2],[-11.548519415724897,-9.387792570574337,0.3374922859731656])
(3,[0,1,2],[-19.36230713186888,-28.893597586643036,-27.248430636010163])
(3,[0,1,2],[24.991557819207536,34.776201240932494,44.292328631092715])
(3,[0,1,2],[0.236250133459187,-0.1684658223527944,7.685572835938911])
(3,[0,1,2],[-8.982707723928339,-10.372878109690049,-11.951356711512982])
(3,[0,1,2],[1.5474570830561982,1.0898473957108932,8.263109886822502])
(3,[0,1,2],[7.448235101344623,11.733433252392262,18.051876836462526])
(3,[0,1,2],[-10.48543074545944,-14.753708517794891,-8.868615000012761])
(3,[0,1,2],[-6.074404048624148,-1.453687437234692,4.67149936464143])
(3,[0,1,2],[-13.422396047974305,-15.692501390009605,-17.20276205636807])
(3,[0,1,2],[2.5436717868104766,3.834006330318197,15.70557132869718])
(3,[0,1,2],[0.5973951812868508,5.884055861540684,11.267585871005966])
(3,[0,1,2],[-7.554789481050063,-6.936200927423934,-10.418094554683023])
(3,[0,1,2],[-7.190406337683718,-0.5583474473415445,2.4710592229422286])
(3,[0,1,2],[2.222140563770904,7.76984576241964,7.723432556546719])
(3,[0,1,2],[-18.18343468967399,-19.731102281560936,-27.876152918846685])
(3,[0,1,2],[-0.12088757046842569,6.997416273496643,20.779228705006783])
(3,[0,1,2],[-4.660647656491452,-1.1683627843899498,-2.830889798606231])
(3,[0,1,2],[-4.36559110293231,-0.19842333029657755,0.890044945358199])
(3,[0,1,2],[-13.890889232356702,-12.752067026946957,-16.175339751185994])
(3,[0,1,2],[-5.579190607189974,-2.3046298174995803,-2.3829832151509884])
(3,[0,1,2],[-15.288947094026437,-11.449845249044929,-17.367358442677478])
(3,[0,1,2],[-1.9117732016684539,-0.9029882712603032,5.552957637429372])
(3,[0,1,2],[-20.867289232224273,-34.011884795586084,-37.66212788012865])
(3,[0,1,2],[-11.85776095713402,-19.54053522027366,-22.394443170961825])
(3,[0,1,2],[-6.799129970278469,-3.5511228715132948,4.641686652032497])
(3,[0,1,2],[-2.8698057967955894,0.1625067207300454,2.4471742656421958])
(3,[0,1,2],[-7.6709872987187095,-14.5444442117419,-11.116289468612326])
(3,[0,1,2],[-6.273313997084391,0.5674999968935507,5.746731818347554])
(3,[0,1,2],[-4.166631443082773,-3.04368074623014,1.7784741833956685])
(3,[0,1,2],[-15.495691629828524,-13.161364421195472,-12.802351468780866])
(3,[0,1,2],[0.7750365680185348,0.5986683647230374,8.441287320775364])
(3,[0,1,2],[-9.54064307093967,-7.0464235634355,-6.435208298531162])
(3,[0,1,2],[-9.630398330294117,-9.759610858748479,-17.86955048024564])
(3,[0,1,2],[1.8006007045984704,7.051784643260215,7.934632231837133])
(3,[0,1,2],[4.422734216883477,8.403491893140743,10.940969376197401])
(3,[0,1,2],[11.599872165146461,19.76580409590678,26.838285630121863])
(3,[0,1,2],[5.627066573231858,9.609739070598085,16.31389347383715])
(3,[0,1,2],[-12.596897487642554,-12.115579865833254,-11.200262018307548])
(3,[0,1,2],[-4.815555141097929,-1.4328601862008599,8.101032696600669])
(3,[0,1,2],[18.648550354417637,25.92242614763212,34.988775231752015])
(3,[0,1,2],[-6.610870086017338,-5.075084315746476,2.8835575095269887])
(3,[0,1,2],[9.071071664426011,18.73079349573943,29.328290647322053])
(3,[0,1,2],[2.726854564973965,9.885353461291169,9.626582595658942])
(3,[0,1,2],[-2.3655551535347907,-0.8182326779051832,-3.784293660219204])
(3,[0,1,2],[-16.25536634047541,-17.8219500868686,-11.274131470522263])
(3,[0,1,2],[-5.10548619532699,-2.592222630077422,-1.387082859754819])
(3,[0,1,2],[-1.822512724215198,1.594785461036865,4.474703106677634])
(3,[0,1,2],[-14.734817544496877,-21.485500550302486,-25.988821533525773])
(3,[0,1,2],[4.628748843903238,8.441383143410668,20.811108058828182])
(3,[0,1,2],[-1.4096540280895653,1.6665267094175806,4.737072875474848])
(3,[0,1,2],[2.2588019608005236,7.069489926732367,18.294211335281602])
(3,[0,1,2],[-0.5619302043136537,1.4806922341331152,13.922051200731083])
(3,[0,1,2],[13.620890705519642,16.74915264013665,27.585802602237713])
(3,[0,1,2],[-12.861373067808003,-15.621182203257126,-17.436299183606536])
(3,[0,1,2],[-11.800215697423036,-17.00376141868117,-9.210535335588377])
(3,[0,1,2],[-12.888340256919484,-12.582101520699823,-17.73595178874435])
(3,[0,1,2],[-5.9143594322543995,-0.4332604058465992,4.104687096615288])
(3,[0,1,2],[-13.44583091743341,-13.586605630322373,-10.415036011149809])
(3,[0,1,2],[-1.973807083803285,-3.292968059539041,-4.997725325420309])
(3,[0,1,2],[-9.59603996760165,-7.540740710040876,0.7996153035323894])
(3,[0,1,2],[-5.919790709576334,-4.657915866669172,2.4171560492409054])
(3,[0,1,2],[5.8343204784974265,9.328382049568871,19.00224738342271])
(3,[0,1,2],[-10.6113137174045,-11.967833444588106,-3.474554742422635])
(3,[0,1,2],[-8.597199664395115,-5.67558581503984,-7.766348393184126])
(3,[0,1,2],[8.854599224593452,15.435715840854039,19.00524651670416])
(3,[0,1,2],[0.959059937234782,6.0935230073925,17.80787402673324])
(3,[0,1,2],[1.0222082134653931,3.381556376263453,8.955583002436867])
(3,[0,1,2],[-3.207593751548047,-3.754759056017406,5.055038982650414])
(3,[0,1,2],[-11.876188505505713,-5.439577592143772,-0.714212206949855])
(3,[0,1,2],[-13.319926495516226,-13.117190617898782,-13.12095239372277])
(3,[0,1,2],[-1.7082085740487454,0.5710467378878477,4.4997493718552235])
(3,[0,1,2],[1.0647293859490585,2.713806023678315,5.06366061498772])
(3,[0,1,2],[-8.027007299795583,-12.165713863505436,-11.332989988116204])
(3,[0,1,2],[-10.764648291822457,-10.594588740669007,-6.097537458626477])
(3,[0,1,2],[13.542453350365,24.26879826867127,31.394197874040266])
(3,[0,1,2],[-17.19573052010401,-26.895554056244094,-28.96815984935774])
(3,[0,1,2],[-6.9597396213455704,-2.5794640351429017,4.155631775502073])
(3,[0,1,2],[6.273639854929049,9.503613344968494,16.653173650661685])
(3,[0,1,2],[-6.26806332329396,-4.571494243617352,-4.898925527691159])
(3,[0,1,2],[3.9653491729735055,12.058507109171632,21.11229235942065])
(3,[0,1,2],[-7.124801166731792,-9.245036771975828,-4.640477059122295])
(3,[0,1,2],[-1.9901361696336644,-1.3921196543462502,2.104247650225101])
(3,[0,1,2],[14.017408453741828,23.225223652529614,31.317133051048447])
(3,[0,1,2],[-12.132810763476662,-14.489574748304754,-15.748752242727514])
(3,[0,1,2],[-0.22555711646830018,8.130787458734826,13.668247881655471])
(3,[0,1,2],[-7.175177949504735,-7.753716610061592,-1.6768753925822857])
(3,[0,1,2],[-8.653861121447571,-8.061458849506723,-11.398024830250908])
(3,[0,1,2],[5.624980720884399,9.725069057023585,11.09142792020917])
(3,[0,1,2],[-6.823376434879004,-1.825114718743985,4.414558509204887])
(3,[0,1,2],[11.817046077637453,21.536285077344104,25.70846355065672])
(3,[0,1,2],[0.5639087865456143,3.3931638377258113,7.37324290691747])
(3,[0,1,2],[7.954586927315575,11.373847498276904,20.353535331652647])
(3,[0,1,2],[4.762065038448833,3.978855901530552,15.235932778936817])
(3,[0,1,2],[6.19065162410799,7.1566809526842174,19.62741899777686])
(3,[0,1,2],[-7.891209184177349,-6.6875731098593185,-0.4657145514538353])
(3,[0,1,2],[-12.969204643271267,-17.877955914098877,-19.96143091463698])
(3,[0,1,2],[-0.9274215489574563,3.3011905210698975,12.140619058722274])
(3,[0,1,2],[6.572443806289437,9.678910181668796,17.27457943059501])
(3,[0,1,2],[-13.755367287594828,-17.136651141980714,-18.567508708775257])
(3,[0,1,2],[-4.425207841175808,-3.9026046827147844,1.5789000638925041])
(3,[0,1,2],[-10.316627544204723,-9.021440436602802,-11.703762620111505])
(3,[0,1,2],[-9.757862883820989,-12.104087340271933,-14.592921024653245])
(3,[0,1,2],[6.081358598541889,12.829915238303695,25.23591767892803])
(3,[0,1,2],[-8.1655726919612,-4.965699013494566,3.244903575509901])
(3,[0,1,2],[-10.40949515125541,-7.557769027548266,-10.489144760274295])
(3,[0,1,2],[-7.4857607137632405,-8.870370575464428,-1.874514348202263])
(3,[0,1,2],[-7.023151551245668,-6.352924676485256,-5.460224037024172])
(3,[0,1,2],[-6.743111668196001,-3.7451862879113462,-1.0989011530204427])
(3,[0,1,2],[-18.1867244573812,-19.17265233553592,-15.86315101249046])
(3,[0,1,2],[-16.628062551421113,-11.487963239296164,-4.528183856379663])
(3,[0,1,2],[-9.24877050887062,-15.298709732607621,-15.341178767681432])
(3,[0,1,2],[4.158771427893226,7.45562412821142,8.052234995439415])
(3,[0,1,2],[-16.836050247087073,-17.86186087538648,-18.07495739327667])
(3,[0,1,2],[-8.046208534352534,-10.965344056927698,-6.74036106687362])
(3,[0,1,2],[-17.192426525023613,-16.220705387556,-24.813373792997687])
(3,[0,1,2],[17.04653616495247,27.67850609433475,33.745269021990545])
(3,[0,1,2],[-14.97494153137476,-20.4055372916622,-19.146786190770406])
(3,[0,1,2],[-8.373198158162484,-5.990940862806152,2.096599373819026])
(3,[0,1,2],[-3.168341568923416,-2.40824467512123,2.529434854140486])
(3,[0,1,2],[-13.348390422158635,-11.582982724256672,-17.8979567291888])
(3,[0,1,2],[-7.753088615591774,-2.953423734846954,-1.6638602285638804])
(3,[0,1,2],[-10.468384228621083,-7.281419105299291,-0.7171053583470575])
(3,[0,1,2],[18.570860235008034,26.260633384555536,38.68227099894312])
(3,[0,1,2],[-13.80215484183176,-8.831274537242079,-13.04627038691049])
(3,[0,1,2],[-4.062059112481119,0.08672639604413446,4.307494684200381])
(3,[0,1,2],[-3.2301908327098863,1.2816236539244512,8.610417110017993])
(3,[0,1,2],[-11.592619612652557,-10.761225887462018,-5.55078877149078])
(3,[0,1,2],[-9.293352954198726,-8.892248841479162,-7.292308618700522])
(3,[0,1,2],[-15.81714657928611,-19.68006095946587,-17.648933112472147])
(3,[0,1,2],[4.521361718508231,12.401140723259456,11.359465893732706])
(3,[0,1,2],[9.82036038723254,11.26067923208533,16.361970311348642])
(3,[0,1,2],[20.433615615671844,32.92761802711813,43.247980299524144])
(3,[0,1,2],[-21.64817526379922,-27.294197876584995,-24.4756987096318])
(3,[0,1,2],[-13.664624465648496,-18.0684156777657,-13.236422349780916])
(3,[0,1,2],[-4.102670094222461,-3.4651201268419975,4.700576470791471])
(3,[0,1,2],[-5.112389338900349,-4.8377819311852,1.7647913594454145])
(3,[0,1,2],[-11.846682275920674,-15.046487805790715,-15.825057065826954])
(3,[0,1,2],[-9.6085957297271,-8.786829106102306,-2.379422476145643])
(3,[0,1,2],[4.893846207435729,12.448153752021708,20.70556631724916])
(3,[0,1,2],[-16.275804430844367,-21.29606799783244,-19.427631874908986])
(3,[0,1,2],[-16.036295186759748,-13.330610112000437,-5.016477029667262])
(3,[0,1,2],[-9.526368098886802,-2.5102559606462638,-5.123244747563992])
(3,[0,1,2],[-11.012378119836246,-13.374514537030702,-14.14021743228511])
(3,[0,1,2],[-7.206203414144057,-4.943996452002332,0.3353869156524343])
(3,[0,1,2],[-12.740659237636368,-17.96228811133518,-14.951976437295357])
(3,[0,1,2],[-5.908265717923245,-9.358791987872422,-9.139528157290732])
(3,[0,1,2],[-10.739618724529057,-5.786669619391328,1.6386949333088494])
(3,[0,1,2],[1.124008877876003,5.21386130252653,-0.27486714752953667])
(3,[0,1,2],[-7.038428299023295,-9.52732860526923,-7.0284777533438145])
(3,[0,1,2],[6.725579882407063,12.529551809804786,18.486286856276443])
(3,[0,1,2],[-10.681383367277576,-4.746194564756277,-4.74646842730974])
(3,[0,1,2],[-2.5556065334024884,0.569759038860701,3.027281605835646])
(3,[0,1,2],[3.3153774860734955,11.318266070286851,11.545347042688267])
(3,[0,1,2],[6.771280944756424,7.149502670591766,20.612414326918458])
(3,[0,1,2],[-7.431053477289612,-4.536157913797264,-5.054631774883343])
(3,[0,1,2],[-9.99849282412496,-2.4517388653149084,-7.49855784560717])
(3,[0,1,2],[-3.0668369808901756,1.9192975104379018,2.932143585389412])
(3,[0,1,2],[6.812233012054334,12.571792765442076,21.942735185275602])
(3,[0,1,2],[24.761904716942205,42.29484268741257,58.16099443523046])
(3,[0,1,2],[-13.200872337197534,-18.45520682186905,-22.51213394475239])
(3,[0,1,2],[-13.582938034932049,-13.93715513257072,-4.775841959516618])
(3,[0,1,2],[-4.403065082927871,-0.7415579137385497,5.679488098707946])
(3,[0,1,2],[-13.201838298312161,-14.444273306889,-17.509824957747522])
(3,[0,1,2],[16.55895203149494,26.63973264621702,36.80085084411378])
(3,[0,1,2],[-14.93664728473698,-21.08118528526285,-20.51244473920059])
(3,[0,1,2],[-5.810107583901633,-0.10251979579080917,3.5455332803543467])
(3,[0,1,2],[4.255736120105213,10.082100705444946,14.468536624467152])
(3,[0,1,2],[0.3362276729468541,2.462342000891602,7.343622882174229])
(3,[0,1,2],[-12.034547718718452,-14.587886507324539,-6.986400386514797])
(3,[0,1,2],[3.523085569703963,1.2250752692628981,-2.467610939480931])
(3,[0,1,2],[-18.050048421669125,-15.231138996563853,-5.195902264208263])
(3,[0,1,2],[7.71112666495171,8.066223732012052,21.362102219714686])
(3,[0,1,2],[-8.26875125094933,-11.073907138407314,-15.259313388813641])
(3,[0,1,2],[-0.19758319693580392,1.1636221961931255,8.01819033474126])
(3,[0,1,2],[5.508646263818983,5.879422670284917,18.26615751471956])
(3,[0,1,2],[-12.995767208753431,-8.89275233803378,-13.315468861305227])
(3,[0,1,2],[-5.299345934460253,-0.7026857680106107,5.4537148598350225])
(3,[0,1,2],[10.464842166589497,13.522431480878966,25.23223374311077])
(3,[0,1,2],[5.613316648630217,14.081796025650227,20.831677454872477])
(3,[0,1,2],[1.8133125173827707,0.4392376782350902,10.097386072880974])
(3,[0,1,2],[-7.711054343049222,-6.117497935541563,-5.860850794521699])
(3,[0,1,2],[-5.959177439067416,2.463848011749385,6.917308979327128])
(3,[0,1,2],[-11.729219449877956,-17.964734732911065,-18.75403090123274])
(3,[0,1,2],[-7.92198015873677,-1.0231635460571615,8.408361919828145])
(3,[0,1,2],[-13.291611570465804,-11.465258844468472,-8.690562980259005])
(3,[0,1,2],[3.7169344376444293,2.138778287958346,11.997203796147328])
(3,[0,1,2],[6.215016468971548,18.56903610463262,31.535188893955493])
(3,[0,1,2],[-10.04734508047055,-7.776002321407963,-1.681325416350596])
(3,[0,1,2],[-2.210274387729296,7.922359270359903,11.805251702771354])
(3,[0,1,2],[13.53512394573232,14.92955988206144,20.822670589116594])
(3,[0,1,2],[2.890530136146595,14.902253777104468,23.227278962196515])
(3,[0,1,2],[7.123293292003539,18.09380214635722,26.457977113836368])
(3,[0,1,2],[-2.540471199555988,-4.0990640589592315,0.5746922743873165])
(3,[0,1,2],[2.305853322915186,8.458454437648797,19.187209048344478])
(3,[0,1,2],[-5.426468321206272,-3.8932529817734234,-2.4301896963132608])
(3,[0,1,2],[2.410006658706955,9.538662369318631,16.515975728709073])
(3,[0,1,2],[-6.574341336055087,1.4841390654144941,1.7251292917122845])
(3,[0,1,2],[11.227643788952598,12.80997175462207,14.472044672511842])
(3,[0,1,2],[-13.860150970041202,-11.329975863692075,-1.7440614424553824])
(3,[0,1,2],[14.759795614989534,24.415634453362767,32.207718273539484])
(3,[0,1,2],[-2.3033702644811025,3.100020781309481,1.8840298443114392])
(3,[0,1,2],[-0.40850657064505097,4.1493427142312465,7.6217144093638165])
(3,[0,1,2],[-18.1676689455138,-10.673180419934464,-6.441401653230178])
(3,[0,1,2],[-2.609760731777705,1.6901105848090865,4.3120035881327965])
(3,[0,1,2],[-16.875274638615686,-20.165381833003742,-7.895499419746387])
(3,[0,1,2],[3.2025132355662147,10.697627108000919,14.317826829167828])
(3,[0,1,2],[26.06769713595776,40.48156825897076,51.618000181531315])
(3,[0,1,2],[-10.529573313735478,-7.050944316238743,-0.7027151232986648])
(3,[0,1,2],[-5.209316031243727,-4.381434106186882,-10.479063457194762])
(3,[0,1,2],[-4.850158107978881,-2.8683720586343866,0.200396998264763])
(3,[0,1,2],[7.489693088476513,15.534939020044357,28.02406096014277])
(3,[0,1,2],[-9.154077931575538,-14.914903011421174,-17.261758989911204])
(3,[0,1,2],[-8.33319876192348,-2.665699980311426,7.59505397914675])
(3,[0,1,2],[-2.411717755755483,-6.088094093643659,-0.5971727840925063])
(3,[0,1,2],[-9.76099823130301,-13.904171387860986,-9.822318989143241])
(3,[0,1,2],[-6.222445710019717,-3.66344169996376,1.9853970962042635])
(3,[0,1,2],[7.760399533248772,9.661322273124508,12.508332368879291])
(3,[0,1,2],[-10.04144814738062,-13.538871946024681,-11.815612481026243])
(3,[0,1,2],[-9.036790027833797,-2.84930307992777,2.539269581127707])
(3,[0,1,2],[21.046009881987796,29.65922376805832,39.72247110386495])
(3,[0,1,2],[-6.780339893667758,-7.07686333956189,-7.199783306707333])
(3,[0,1,2],[-1.5998069479349877,-4.341160369988505,5.480661670782255])
(3,[0,1,2],[-7.8052283218019705,-5.600242093916208,-2.282154563669412])
(3,[0,1,2],[-0.826374217610691,-4.1804479149926825,1.1211490359152672])
(3,[0,1,2],[-1.8958956714938695,2.7899192480352593,2.6871306236562544])
(3,[0,1,2],[-19.027694877057172,-20.172576904736918,-8.944232346301686])
(3,[0,1,2],[-9.702163275367003,-5.999771618984137,3.783365993529973])
(3,[0,1,2],[-12.359667130484773,-9.727351968159134,-7.024177690572951])
(3,[0,1,2],[-3.096057751115001,3.5724849000459677,8.681080935295055])
(3,[0,1,2],[-14.456497684662622,-10.390025611238766,-13.596384987289346])
(3,[0,1,2],[-10.612374007625611,-10.789085328173675,-8.79343745139957])
(3,[0,1,2],[25.93464158895079,40.944775770004895,53.19091821352014])
(3,[0,1,2],[-8.244469255308195,3.94362697723413,9.95758447810327])
(3,[0,1,2],[-20.413910821228328,-18.07164662264333,-20.1033373363808])
(3,[0,1,2],[-5.854362330374771,-7.207905715196651,-9.013712216219055])
(3,[0,1,2],[-10.657147949308142,-3.772398148086017,4.35904389687041])
(3,[0,1,2],[-8.602766234818107,-10.398500613269277,-5.2968996667755555])
(3,[0,1,2],[2.200410266835908,5.423333416415538,14.044011596709977])
(3,[0,1,2],[-10.457372651539007,-8.15002855280905,-1.6385990533344699])
(3,[0,1,2],[1.3207998897328495,1.8316757564023043,10.639318007442347])
(3,[0,1,2],[-3.673643663288508,-3.1798311651337743,0.7004437469101767])
(3,[0,1,2],[8.547850173088142,18.198062888547476,22.220383483395334])
(3,[0,1,2],[-15.102817693094641,-18.40061331668724,-22.181278873462265])
(3,[0,1,2],[17.755465670909906,26.720034353536022,36.43621826848763])
(3,[0,1,2],[-13.344845530552428,-17.51736630282274,-10.179499585737878])
(3,[0,1,2],[31.82587615980268,47.516722864668935,61.1973803752731])
(3,[0,1,2],[3.4081902172984293,5.722819976867932,4.598483887719232])
(3,[0,1,2],[-6.8584533054178864,-5.253214334015053,-6.081067293092209])
(3,[0,1,2],[10.72252973611362,16.72717842980157,27.44330723985761])
(3,[0,1,2],[-6.297071232734899,-0.48199977121044535,-3.2398496221387774])
(3,[0,1,2],[-11.362143517561707,-12.065406396417526,-14.329622214396979])
(3,[0,1,2],[-8.897435256614571,-9.26987294230585,-14.537569503539299])
(3,[0,1,2],[-21.003264176943222,-20.186214836448347,-26.073113158201522])
(3,[0,1,2],[-3.3524255347778738,0.9993555957065695,2.2584709772841443])
(3,[0,1,2],[-1.7897468474992557,-5.549974198115152,0.749962951362324])
(3,[0,1,2],[-4.3439241311865935,2.5541683417447527,6.815636069250941])
(3,[0,1,2],[-3.787953135278265,0.6445015479945833,2.3474424075668523])
(3,[0,1,2],[-6.141602037905009,-4.349383955795846,-0.7868729054662135])
(3,[0,1,2],[-19.098980341007834,-23.67670706286344,-17.791428423793256])
(3,[0,1,2],[-6.343549070327583,-3.732745363087775,-5.093173228027077])
(3,[0,1,2],[-0.7945804168489565,-2.092225390791802,4.143275935619242])
(3,[0,1,2],[-8.855867262859842,-11.909056082000944,-8.200004641795474])
(3,[0,1,2],[-8.809948877796616,-9.20500451670712,-15.152463711387744])
(3,[0,1,2],[-7.870002920478986,-6.984658189837522,0.45238503655499873])
(3,[0,1,2],[-2.6293646452698374,-2.3446616939114273,5.149703185230636])
(3,[0,1,2],[-13.262330419655108,-5.87431856288587,-9.573227806264832])
(3,[0,1,2],[-14.640562769313787,-16.537001456252504,-22.091404175330272])
(3,[0,1,2],[-5.693777795887607,1.3642707840894115,-3.8898373332823635])
(3,[0,1,2],[-18.917198560298864,-20.956495062364265,-22.711876073104463])
(3,[0,1,2],[-8.346272418741256,-2.867016125518628,-3.152940447601242])
(3,[0,1,2],[-2.5211700491714772,-4.332881512972937,-0.5767683343593576])
(3,[0,1,2],[-0.15261145564320044,2.969893677856997,6.571146301081546])
(3,[0,1,2],[-13.04542603307268,-9.624903770312848,-1.7305702409257089])
(3,[0,1,2],[18.79731400463647,32.89726664169186,41.93840976695268])
(3,[0,1,2],[-14.929272590009717,-7.648964417837476,-1.585447415883753])
(3,[0,1,2],[-0.7374188415340933,2.4054689267291325,10.136728087067189])
(3,[0,1,2],[-17.292824690071637,-21.388198968117123,-20.76237730239909])
(3,[0,1,2],[-8.211325364304233,-11.244931378150923,-13.512380502757411])
(3,[0,1,2],[-10.521686197784684,-11.761210265730604,-16.34203788421943])
(3,[0,1,2],[-8.548171807261673,-11.611501930104133,-6.808382789829645])
(3,[0,1,2],[17.849518656025452,31.81929734501276,41.934482752305755])
(3,[0,1,2],[-5.749608149697335,-10.461819276378959,-1.1637998065639388])
(3,[0,1,2],[-18.776367993637674,-17.040887583769255,-21.86411958978102])
(3,[0,1,2],[-7.816396532246713,-1.6127619209069195,2.4999325311405376])
(3,[0,1,2],[17.548513329815485,21.84302953777591,35.94895616749598])
(3,[0,1,2],[-14.130192123032888,-14.80014327098763,-16.921680179771503])
(3,[0,1,2],[-10.71093151886614,-6.380475898819726,-0.6324599445936878])
(3,[0,1,2],[-4.986197082305765,-4.4403495873902035,-8.864347910275011])
(3,[0,1,2],[-12.641703042028697,-17.128904774618828,-14.051330927014165])
(3,[0,1,2],[-15.12463986472759,-17.333794206236384,-16.7926796963407])
(3,[0,1,2],[3.8602532769468874,6.520272855408309,18.11667996927647])
(3,[0,1,2],[3.6396649766149145,5.842596986954705,11.939581742158499])
(3,[0,1,2],[-4.924637309511656,0.5159112317881334,3.8694442073420428])
(3,[0,1,2],[-10.27438613676634,-7.62041164615081,4.096827042609319])
(3,[0,1,2],[6.638477780524555,11.510560591811789,21.35474630866409])
(3,[0,1,2],[6.867343457893586,16.01357610469256,18.922480613948785])
(3,[0,1,2],[8.08310367662413,9.170094695268098,11.19237408185838])
(3,[0,1,2],[-4.033016366894974,-5.36933015994129,-9.224829997408616])
(3,[0,1,2],[-0.7476333810040131,5.812018938246234,11.453012298498887])
(3,[0,1,2],[5.947848726509087,8.585163454825377,15.062890458918623])
(3,[0,1,2],[4.523184925466966,11.038603244387092,14.402208648797489])
(3,[0,1,2],[-4.9680335155221576,-1.615630291903737,-4.082734025585418])
(3,[0,1,2],[-18.549826279965966,-24.526015253574695,-26.039133348323006])
(3,[0,1,2],[-11.912561115528101,-6.072741054662462,-14.957740968156285])
(3,[0,1,2],[-10.325109672289704,-5.27158582432666,-9.683810174134031])
(3,[0,1,2],[-4.363990859517767,0.3989680630157698,4.986414873904586])
(3,[0,1,2],[15.31296436187941,20.00851956616932,27.553682759043447])
(3,[0,1,2],[11.17654846522146,18.21825213960676,26.10727667999718])
(3,[0,1,2],[-4.769623148617902,-6.043008800079877,-1.558284036335071])
(3,[0,1,2],[-2.05426095876542,1.765787772151051,11.123597584578674])
(3,[0,1,2],[-23.99985211296474,-25.05900597972616,-28.458674697856754])
(3,[0,1,2],[3.1958151674353825,4.697091751973822,3.1290471968050273])
(3,[0,1,2],[-3.461105950643668,2.430539716273419,-0.9249364143483226])
(3,[0,1,2],[7.209318066935912,11.073299106603494,24.708218313578826])
(3,[0,1,2],[-4.611823208391856,-1.8814731990876108,5.693172182055638])
(3,[0,1,2],[-5.99961597194327,-2.153725167134963,7.111148720793889])
(3,[0,1,2],[-14.671279486620676,-17.134907444309444,-18.347681416727635])
(3,[0,1,2],[-1.6682609259187011,-7.210801904381138,-6.065663070811807])
(3,[0,1,2],[-22.924061196722064,-20.249192218919994,-15.062270712110358])
(3,[0,1,2],[-11.818790581090216,-7.8384965902750805,3.7730709804399014])
(3,[0,1,2],[-9.82782483767796,-14.20464270616138,-9.122868840705893])
(3,[0,1,2],[-7.852466872204062,-4.485758078848221,6.420058204294426])
(3,[0,1,2],[3.661581332153582,10.786255744202556,15.744512406225311])
(3,[0,1,2],[2.9863494779581448,9.84825568507804,8.40736234909536])
(3,[0,1,2],[-7.887320917076903,-1.0068345214406602,6.951805076155765])
(3,[0,1,2],[6.3255087735628335,6.0819132244853105,15.37414549263978])
(3,[0,1,2],[7.482593755397362,16.46814273616391,33.37138513628787])
(3,[0,1,2],[-8.723742942245847,-9.184369022331182,-0.2805669677525401])
(3,[0,1,2],[-9.35307395596319,-11.193090996582942,-9.03858600800292])
(3,[0,1,2],[-2.277349115408648,-2.154956434434425,0.3684970756856329])
(3,[0,1,2],[5.700716482076285,8.923288961778315,19.799720278895926])
(3,[0,1,2],[-11.290318362261303,-13.945064471002446,-12.043650747472228])
(3,[0,1,2],[-7.360496910578854,-1.798544578097736,1.5243206140657206])
(3,[0,1,2],[0.2751692034206723,5.027637788483971,14.908956731418693])
(3,[0,1,2],[9.037046797633835,21.857214263801737,29.620403949118526])
(3,[0,1,2],[8.740557098937938,10.596394568064401,18.73856017833643])
(3,[0,1,2],[-5.941339423353052,0.9543248480059436,5.219494329443657])
(3,[0,1,2],[-7.760431575497276,-3.9866979144846293,-0.3277318617195851])
(3,[0,1,2],[-10.871692005034534,-0.00446317903755733,2.821864313416275])
(3,[0,1,2],[-16.378067653950875,-24.83853554593651,-26.826627902064878])
(3,[0,1,2],[-1.2428738527155958,10.670868555045464,10.832653692279882])
(3,[0,1,2],[-7.651928412181973,-6.034326460889436,-4.813479270419709])
(3,[0,1,2],[-2.055477593094884,0.3795707607245502,4.105323930282608])
(3,[0,1,2],[-12.685028848566843,-4.328430344461612,2.534412962766564])
(3,[0,1,2],[-1.7503348007920303,0.5453228037793706,6.621054782722079])
(3,[0,1,2],[-2.4766954694152115,0.09077670280516215,10.946729823180428])
(3,[0,1,2],[10.17729464601733,18.41546248647454,28.779186195084808])
(3,[0,1,2],[-9.09977936373503,-8.034203774535202,2.857127528237645])
(3,[0,1,2],[6.7535256732908975,8.697798137888963,18.18385001721511])
(3,[0,1,2],[3.107951136201092,5.8590336445167495,16.590156223333327])
(3,[0,1,2],[11.139289141975892,21.138422041786267,34.63240611702052])
(3,[0,1,2],[20.08011207939055,36.09853206847038,45.690561442701146])
(3,[0,1,2],[6.976815707975475,8.581339606624173,20.17459233609712])
(3,[0,1,2],[10.749275637294952,11.777279306361367,16.16525561318363])
(3,[0,1,2],[-10.729497260765747,-7.58815736226703,-5.644845080198107])
(3,[0,1,2],[-19.374221708942443,-18.819428203872857,-21.02971678648995])
(3,[0,1,2],[-11.350362659740803,-9.183927439953827,-7.3115022498051445])
(3,[0,1,2],[9.671003876501004,19.43334816178133,30.334944277733157])
(3,[0,1,2],[-5.456464795131707,-5.649727709533009,-2.2221086439102455])
(3,[0,1,2],[-9.590797886418512,-8.528466441303973,-2.6675137659773616])
(3,[0,1,2],[-8.9967826627643,-13.03955323120801,-16.642371829045093])
(3,[0,1,2],[-19.601844792621737,-21.42129437200184,-28.903108364759916])
(3,[0,1,2],[-0.40145414934658785,4.128105477615801,15.151896945530794])
(3,[0,1,2],[-8.182261260517972,-1.7341570301023972,3.954587134403214])
(3,[0,1,2],[-3.271985091237303,1.9024353909945462,1.116473979877314])
(3,[0,1,2],[10.068439349851316,15.163297177992648,21.74924879322305])
(3,[0,1,2],[-12.812698905877145,-16.890630991674403,-13.116268690047878])
(3,[0,1,2],[-6.476215110328964,-6.433555402468963,-0.8920903557210637])
(3,[0,1,2],[-0.20913288971606053,2.54889513367664,1.5643752737567853])
(3,[0,1,2],[-9.256507804998302,-11.475412706254374,-8.292681616062394])
(3,[0,1,2],[3.5377688597755412,8.849945775808312,14.370749274142613])
(3,[0,1,2],[-11.529316716992303,-14.132615911976496,-8.169525186268414])
(3,[0,1,2],[6.589647066826268,8.392140543633149,21.57427195906029])
(3,[0,1,2],[-14.16079560531651,-12.947155063330586,-15.763363694040676])
(3,[0,1,2],[-7.898020679482638,-13.767004357307394,-8.415631757904993])
(3,[0,1,2],[2.078620240799665,10.266679138287799,13.58903321171165])
(3,[0,1,2],[-14.100841716421366,-3.66092609300698,-11.033356993432811])
(3,[0,1,2],[-9.51144353228252,-2.932736593861908,3.6349440109873647])
(3,[0,1,2],[-3.729519513130965,-0.6724063008648166,-6.978422464002471])
(3,[0,1,2],[-10.961510157438763,-6.252876556520922,3.562278466849508])
(3,[0,1,2],[-11.706695143664298,-6.954599760773979,-3.2877752195623335])
(3,[0,1,2],[14.31427039834401,24.300843279757856,35.77024590828496])
(3,[0,1,2],[-4.526833889062238,-4.280734267694251,1.0115490456744032])
(3,[0,1,2],[16.866878591621244,25.386268737795806,37.576171180613336])
(3,[0,1,2],[6.751452362512211,10.320899721842917,15.318245311310948])
(3,[0,1,2],[-3.497347005306233,-5.82008017888883,1.4793417920175669])
(3,[0,1,2],[-4.803930967387482,-7.568588210252137,0.6889284202124659])
(3,[0,1,2],[-13.722848856215881,-18.132971832862278,-19.552569878245144])
(3,[0,1,2],[-7.827038551960894,-9.778739051994625,-11.884896564559144])
(3,[0,1,2],[0.7119437887321711,5.956830689602286,7.184228396224507])
(3,[0,1,2],[-4.223246758674588,-3.3239421870871206,5.9092152461545])
(3,[0,1,2],[-7.190923559315092,3.0288986482839872,-0.947764274253581])
(3,[0,1,2],[-10.181159230218665,-7.073169968370913,-0.7747735520832261])
(3,[0,1,2],[-6.4800291680217255,-9.398192578926244,-2.1275451505234715])
(3,[0,1,2],[2.199054791062927,7.213254100729783,12.688644903835023])
(3,[0,1,2],[-19.697172529862783,-23.006181459439357,-27.12979433459717])
(3,[0,1,2],[-7.371692243527232,-7.806970205740894,0.6537174981307317])
(3,[0,1,2],[-1.4194545828506329,2.421029290782883,5.691471855759052])
(3,[0,1,2],[-9.680320550402211,-7.530707454356253,-4.159878956837986])
(3,[0,1,2],[9.430738459199787,20.53533573199475,27.629661543432345])
(3,[0,1,2],[-12.613126687414114,-17.44346465707799,-12.892447077773966])
(3,[0,1,2],[-2.069828309208292,-5.891591499154977,-1.7983595327731847])
(3,[0,1,2],[-14.12446159843968,-18.071259974569507,-16.60034858961951])
(3,[0,1,2],[6.361111109661773,4.9653217150071685,7.821879470105024])
(3,[0,1,2],[-3.2940766932918155,-4.719154500197769,2.880893477694604])
(3,[0,1,2],[-2.7767212056459982,-0.7522042662259651,3.3477810467983202])
(3,[0,1,2],[-18.578863264081907,-26.08588563116451,-24.89533631177648])
(3,[0,1,2],[-9.865690590563899,-3.558140007123402,-11.116105149624817])
(3,[0,1,2],[-10.012851434129459,-6.947526234942323,3.9433596119419])
(3,[0,1,2],[-0.5133823760452308,3.270405940920131,13.617999235345621])
(3,[0,1,2],[-17.122099848481042,-14.243173316684688,-7.8130601790268805])
(3,[0,1,2],[-5.647974598118858,-6.309242683236831,-0.35778806658052786])
(3,[0,1,2],[-11.876245235050828,-23.177725410078892,-25.149819830994797])
(3,[0,1,2],[-11.480004101196638,-19.400291908605737,-20.891565806786545])
(3,[0,1,2],[-8.958626931589444,-11.92588068964679,-10.167669176656423])
(3,[0,1,2],[15.95696943481624,31.0594346235145,43.57542983538357])
(3,[0,1,2],[-13.62316417017042,-18.764272925028596,-15.746935516343374])
(3,[0,1,2],[-6.140380097869659,-5.000646179814067,-3.8013146276321716])
(3,[0,1,2],[14.477984916024056,17.031319923477373,27.421585628805808])
(3,[0,1,2],[-16.968004620080023,-20.70885164578357,-25.799670379942842])
(3,[0,1,2],[-8.918646285061794,-8.794931512918636,-5.370970830024101])
(3,[0,1,2],[-13.757799866600042,-15.625065971110415,-16.385601431608485])
(3,[0,1,2],[-9.495514600770049,-9.471588641685713,-2.8871993332464014])
(3,[0,1,2],[15.355524943233833,17.3857849657825,24.16550437126425])
(3,[0,1,2],[-14.118272136093763,-21.77978250646226,-30.494089420702903])
(3,[0,1,2],[-9.267668909212688,-5.520997861255928,-1.3610137952864263])
(3,[0,1,2],[-7.1354298530794935,-6.973165502840378,-5.5599105336788455])
(3,[0,1,2],[-8.929397102613532,-5.525240091749575,-0.8328549943581027])
(3,[0,1,2],[-12.456985251541743,-7.814973846356833,-0.23712231059217886])
(3,[0,1,2],[2.2540963964777845,9.181595205168948,13.293904611092879])
(3,[0,1,2],[-15.462977957844789,-16.6368773096955,-15.693570962651364])
(3,[0,1,2],[-12.563211819338074,-14.164280634206978,-16.58967212822224])
(3,[0,1,2],[-5.9411292489883625,-5.312374806139673,0.6203478172548922])
(3,[0,1,2],[-0.8986712633142542,3.0664364920764706,5.591749208946736])
(3,[0,1,2],[2.798765685644716,0.6653284019260335,9.058924329756751])
(3,[0,1,2],[-4.3747860717276605,-6.744728681320747,0.9050674541486559])
(3,[0,1,2],[-2.9327169675964786,1.1358760806763628,2.361321461362076])
(3,[0,1,2],[-6.063122321059235,0.19372916223165534,5.127781024480315])
(3,[0,1,2],[-2.7768080055901887,-1.0111879434192945,-2.8129273897193006])
(3,[0,1,2],[-4.251230826273757,-2.593456685042974,5.3832142347915966])
(3,[0,1,2],[-9.795940761369279,-4.712653330528658,-11.546661805856274])
(3,[0,1,2],[-9.356438377785151,-5.653398846666373,-1.4212272705797573])
(3,[0,1,2],[13.736815426285045,23.32254957654022,35.235681115750566])
(3,[0,1,2],[2.2479966835837075,7.300410282766848,9.43106628740061])
(3,[0,1,2],[-6.904757266635472,-1.7749362648071494,0.05823562535794982])
(3,[0,1,2],[2.124741322808004,-0.7207776721976814,7.3558629107180025])
(3,[0,1,2],[-9.15957625337584,0.21847397311974392,4.4982862738149425])
(3,[0,1,2],[2.520887028894667,5.339005855886416,5.492082189379083])
(3,[0,1,2],[-15.673399554829603,-20.69348177398791,-22.336808453074646])
(3,[0,1,2],[-7.871717137987816,-10.04256798845573,-10.102557522136113])
(3,[0,1,2],[1.0543173019266188,2.2704477198793787,7.031930217724859])
(3,[0,1,2],[6.851350309803864,6.538469696951027,8.163830069615992])
(3,[0,1,2],[-5.711312751474992,-2.6524139267700138,-0.7162315983526619])
(3,[0,1,2],[-10.659797819219635,-6.733929858202078,-0.27271474326973566])
(3,[0,1,2],[12.419745088278896,16.573866261389618,20.805428911397396])
(3,[0,1,2],[5.34556613142804,9.956814846117126,13.212703065573775])
(3,[0,1,2],[13.80473437826603,23.682881786085783,31.14645541488374])
(3,[0,1,2],[1.2618889118628227,8.654696348518247,12.49571070415914])
(3,[0,1,2],[-0.04172833379737019,0.8531651207682793,1.3998777783914007])
(3,[0,1,2],[-10.558889402972296,-10.663989918788383,-2.9389452907222173])
(3,[0,1,2],[-1.7279957305675562,2.1495254454977233,9.364580318106771])
(3,[0,1,2],[13.535793994389369,21.633028361010926,32.419412046504775])
(3,[0,1,2],[-5.80755080219954,-8.302259788180521,-2.895756196301504])
(3,[0,1,2],[-0.041616888678956354,5.6154216231589995,15.464242678444348])
(3,[0,1,2],[4.127355247152289,6.724722251855878,16.23389952213288])
(3,[0,1,2],[3.301586831214534,7.274552959306654,13.147904810931747])
(3,[0,1,2],[-3.0828978069348656,-1.219666118138662,2.4831414956098907])
(3,[0,1,2],[-13.396804085749693,-17.17804551853541,-16.848449933330823])
(3,[0,1,2],[-2.21484106051566,-2.1239110394101908,3.570362814739947])
(3,[0,1,2],[-7.754309008366187,-11.866982503366211,-13.857239908268971])
(3,[0,1,2],[-9.174351437500633,-3.8975550725724517,6.597639621155546])
(3,[0,1,2],[18.285707973518804,24.17180874020736,36.462449897381546])
(3,[0,1,2],[9.943474901978623,17.597778231106474,26.92669998249918])
(3,[0,1,2],[-10.339002953201016,-13.006821442426958,-16.971406939709667])
(3,[0,1,2],[-8.334902138801228,-4.432126421409903,3.0599852997010597])
(3,[0,1,2],[-15.831084209574751,-18.081647555849027,-13.642863571575768])
(3,[0,1,2],[-1.1753449052915936,-2.159062712199576,7.74055211059875])
(3,[0,1,2],[2.320171123894012,8.964151941129622,14.844893707743676])
(3,[0,1,2],[-5.057634015901021,-8.492156891837668,-8.351934067745983])
(3,[0,1,2],[-4.926271113075684,-2.5843098946854712,-1.4105439741736627])
(3,[0,1,2],[-15.754643864560643,-18.761571876930137,-21.3486749360513])
(3,[0,1,2],[-6.513256114650307,-6.282669619456619,-1.443891081393431])
(3,[0,1,2],[-4.814724053930602,-0.9056479822702788,4.3806452270908105])
(3,[0,1,2],[10.20355143239366,17.66626529058562,25.068204735338202])
(3,[0,1,2],[-10.841479238852104,-10.265654111641942,-6.512649305548639])
(3,[0,1,2],[-14.479358706131288,-13.615196436407698,-5.832297202706741])
(3,[0,1,2],[-6.524742428085394,-0.11934135963903367,-5.089306418803034])
(3,[0,1,2],[-6.928070467853776,-6.455694147530402,-12.363355162976536])
(3,[0,1,2],[-2.622029587071466,-0.8217744175037396,2.058768043973861])
(3,[0,1,2],[-10.989915951109626,-11.316245132293341,-11.59259437920751])
(3,[0,1,2],[6.278002036486912,13.907759910591047,15.360702256831193])
(3,[0,1,2],[-1.7699041123269785,-2.9020546799955236,-4.334068076392755])
(3,[0,1,2],[-4.830704981943618,-1.0309791002082003,1.5512248186318252])
(3,[0,1,2],[-12.749500521847372,-5.528017679221809,4.2622442019254345])
(3,[0,1,2],[-2.4179131114337564,-0.6245731898119852,4.483749939336322])
(3,[0,1,2],[-12.428187241656847,-7.238321600697811,0.5690368826006598])
(3,[0,1,2],[5.325730504477005,14.433012798998593,25.38801812749373])
(3,[0,1,2],[2.017425900203463,6.326436701700194,7.14457044317001])
(3,[0,1,2],[5.617395206074708,14.882061435429708,20.514131644952947])
(3,[0,1,2],[13.506778907412484,23.68000483578478,32.33843051736504])
(3,[0,1,2],[-9.346983632134831,-15.009357740213938,-15.630121161590752])
(3,[0,1,2],[12.734684485489995,25.94174189196743,30.949530691608906])
(3,[0,1,2],[-8.447102975639636,-3.220739926119573,-0.4328700786304225])
(3,[0,1,2],[-5.953594893992645,-3.04682920774055,6.4411435440357465])
(3,[0,1,2],[7.173715686406986,7.913192164173026,13.205946239831121])
(3,[0,1,2],[-7.292245019674199,-6.693096106030185,-1.401027316636263])
(3,[0,1,2],[-5.661046204279738,-5.3160007057329555,0.6463831506099397])
(3,[0,1,2],[0.1263804476095387,2.312298760224854,6.861554120078695])
(3,[0,1,2],[-2.326256435092737,0.4060474888155028,8.414267992801024])
(3,[0,1,2],[1.502824250147573,1.1927492873512864,5.234845501924628])
(3,[0,1,2],[-4.02490925000422,-1.6160653105420404,4.09346917845257])
(3,[0,1,2],[-9.44468764442463,-10.173237896967747,-6.893832532172706])
(3,[0,1,2],[-2.5442254434672127,-2.8842180851533294,0.05672579004152073])
(3,[0,1,2],[-9.848104717430033,-6.12213636167047,-1.8743766244730065])
(3,[0,1,2],[-7.176845187751481,-5.670000514424168,-8.68103133144089])
(3,[0,1,2],[1.792627587054382,13.409165020462066,27.747480946095543])
(3,[0,1,2],[-8.714321574931542,-11.807152671564737,-6.283048039954309])
(3,[0,1,2],[14.19549988942874,21.038638407794558,36.88322084642035])
(3,[0,1,2],[-9.02514398953806,-8.395715264095228,-4.078335495378991])
(3,[0,1,2],[0.6344493994893327,2.7991244926794576,12.481464423330927])
(3,[0,1,2],[6.851788264537751,11.647788077851027,15.36558198336645])
(3,[0,1,2],[-6.634736294705762,0.6746884531474342,5.325882393486218])
(3,[0,1,2],[0.5863199764992326,2.1274429240854387,8.742521437147104])
(3,[0,1,2],[-10.581624587332438,-12.744885959437683,-14.757135571191476])
(3,[0,1,2],[-5.286004991314922,0.24620544183694829,-1.021095378742836])
(3,[0,1,2],[-5.292327680801437,-3.2393971601997844,-11.347186457857836])
(3,[0,1,2],[-11.55924459412072,-13.359756956243167,-11.486424693188095])
(3,[0,1,2],[9.787970713785619,18.936509752870773,25.398752921515708])
(3,[0,1,2],[-12.513220961708967,-15.76294319690597,-18.965197599659092])
(3,[0,1,2],[-9.711971603879391,-3.4168684370494726,6.331269635370316])
(3,[0,1,2],[-2.6877667636732134,1.2520883667729317,-1.1206687725779174])
(3,[0,1,2],[-1.1102627900775828,2.3970802967272684,5.241447475977779])
(3,[0,1,2],[-10.695420452141137,-8.83755028141177,-0.014644524284145088])
(3,[0,1,2],[-6.241679540410758,-0.29059418521032604,2.5864271671613173])
(3,[0,1,2],[-11.665348526813878,-8.00175132810281,-9.718436750473074])
(3,[0,1,2],[17.53492001890397,23.592242972895406,29.709369525545604])
(3,[0,1,2],[-4.694020387962856,-2.8847917766261078,4.207970739686237])
(3,[0,1,2],[2.5073518447774683,5.605103526216745,12.659253760851847])
(3,[0,1,2],[4.773413842205195,7.619429320501814,16.79707810638777])
(3,[0,1,2],[-8.228169877480106,-8.061244379213399,-2.534381130017351])
(3,[0,1,2],[-15.091743637729632,-20.197063205702534,-20.44095290770195])
(3,[0,1,2],[-2.0336634052240226,-1.4042205235262553,0.48162245189573083])
(3,[0,1,2],[-9.367603318336483,-6.977039516056813,-0.2958736225751806])
(3,[0,1,2],[17.23315167883307,29.797415725380255,40.3813936657769])
(3,[0,1,2],[7.955475637912624,13.715608714569282,21.872592269197035])
(3,[0,1,2],[18.752256506158453,30.567550892963062,38.216657026175916])
(3,[0,1,2],[-4.312196307438088,-0.7406789268050331,3.9250047840656377])
(3,[0,1,2],[-20.042476686880697,-18.550387853350422,-7.349760081456763])
(3,[0,1,2],[-8.060231529960552,-5.751966908241714,-1.6151383693267185])
(3,[0,1,2],[-15.514087640399865,-15.42138276830922,-13.385528302085737])
(3,[0,1,2],[-6.438585428065887,0.5647540566072607,-1.9285597226021503])
(3,[0,1,2],[-4.491395072994271,-2.4046573576836305,-1.3902358996600719])
(3,[0,1,2],[-11.196425471819644,-8.361482527375495,-1.996183507652568])
(3,[0,1,2],[-1.021814939448101,5.520312006211059,9.440947836616424])
(3,[0,1,2],[-11.855988667315415,-14.111828771554581,-11.687256337866819])
(3,[0,1,2],[-7.408243093402092,-5.585718069338934,1.3279700543438273])
(3,[0,1,2],[3.613148023417342,9.19678001670919,18.312475662919677])
(3,[0,1,2],[-6.064140625636576,-1.9144310347944387,5.174367001518053])
(3,[0,1,2],[-2.745074125563912,-2.1616576277295074,3.9837481258007124])
(3,[0,1,2],[9.33774053983573,10.545849011587755,20.775035672151475])
(3,[0,1,2],[-6.972237392983839,-5.269753302928951,-2.1898671524800917])
(3,[0,1,2],[-4.470297156192069,-3.818540867447425,-2.249522762947207])
(3,[0,1,2],[-7.5109491545138285,-10.82595377011083,-10.404031113219801])
(3,[0,1,2],[-17.230030210536555,-24.44424148825013,-29.193133040343284])
(3,[0,1,2],[3.7331775109042717,1.1351415100279778,8.865766968785762])
(3,[0,1,2],[6.298047785226853,14.088512243891895,23.021323686018988])
(3,[0,1,2],[-11.48578345995747,-12.398292959767748,-12.934815325064385])
(3,[0,1,2],[-8.019024974764,-11.557562669722753,0.04008209374360616])
(3,[0,1,2],[-3.1239363613400095,-1.7254418352634942,2.7865829614070288])
(3,[0,1,2],[-13.095938308548181,-11.82796069126581,-4.92560898513117])
(3,[0,1,2],[-14.63626440656589,-19.08349441576892,-17.45628991094705])
(3,[0,1,2],[9.180541143921099,14.481431089549048,19.62546593651758])
(3,[0,1,2],[-12.810467448885491,-16.460244732012985,-18.553168948814243])
(3,[0,1,2],[-15.15199048205826,-10.697634336748155,-18.3667436635934])
(3,[0,1,2],[-9.15163024497383,-2.1749248595926396,2.344130362728761])
(3,[0,1,2],[4.828504260149365,7.387959374673259,12.429952866328323])
(3,[0,1,2],[9.490063727833252,17.02708551244982,25.073445109204492])
(3,[0,1,2],[-17.211171333264428,-21.522314187478173,-22.050217974659873])
(3,[0,1,2],[-2.091571146509691,1.630723130605809,4.898886880581602])
(3,[0,1,2],[-13.037703694784597,-11.766499459265468,-5.116949119461373])
(3,[0,1,2],[-3.196083438124494,-10.740466494567848,-5.394442171699787])
(3,[0,1,2],[-12.701975847460757,-16.542510566414208,-19.064007622056547])
(3,[0,1,2],[-0.028646248459819085,5.389318336436611,15.267157068304558])
(3,[0,1,2],[-9.86106626458107,-16.41992559782364,-16.79198088233373])
(3,[0,1,2],[-7.707248858541493,-6.56886996366603,-1.746189687534084])
(3,[0,1,2],[-6.827120158084446,0.307650692688602,5.663014098530358])
(3,[0,1,2],[-0.3224283940898762,10.625162196473717,11.963954900829986])
(3,[0,1,2],[-9.470615487967248,-6.563416638529839,-8.662437883127549])
(3,[0,1,2],[-12.097871411424439,-10.092633337355553,-3.871572892307562])
(3,[0,1,2],[-17.028279924728956,-18.017088277909778,-16.39898756260593])
(3,[0,1,2],[1.6116866483090464,8.72156507243715,12.253996956271408])
(3,[0,1,2],[-9.307348129016876,-8.331802944742847,-2.520146082625597])
(3,[0,1,2],[24.70761102621209,38.72659356120195,52.84077434991164])
(3,[0,1,2],[-9.35552426136819,-3.597051676733972,2.3351433060020232])
(3,[0,1,2],[-10.708486041835593,-14.607843619202086,-12.556379755758826])
(3,[0,1,2],[4.500892089880438,5.469789825942241,13.416518690071936])
(3,[0,1,2],[-3.8350065883949482,4.846564224219239,11.026207064088023])
(3,[0,1,2],[-8.087767343221213,-4.89071512621469,-5.381479162432931])
(3,[0,1,2],[-11.001665338909751,-13.975936881344708,-19.840449689113797])
(3,[0,1,2],[-6.787356672942956,-7.186326622041106,2.9075011327362157])
(3,[0,1,2],[-10.75949560136696,-6.865405899339988,-6.775766232613836])
(3,[0,1,2],[-7.921096415006796,-5.964696527974065,-8.613146958715387])
(3,[0,1,2],[7.359237139793168,13.601624372229164,26.935192533609044])
(3,[0,1,2],[-0.6616273607294454,5.902137894541543,2.295312692584503])
(3,[0,1,2],[7.379641395977031,11.078184741150004,14.107807210485474])
(3,[0,1,2],[-11.636457207453054,-15.184318423333318,-13.73858990804851])
(3,[0,1,2],[-14.17757111468653,-15.559343672780361,-16.538704932010404])
(3,[0,1,2],[-0.7175361355408633,5.864918990171296,7.256739434662656])
(3,[0,1,2],[0.8814378026984478,8.233340656961333,19.270254113515005])
(3,[0,1,2],[-13.839607746302608,-17.661641538908803,-15.087433328081353])
(3,[0,1,2],[-8.23335143841624,-8.61027592324439,-11.12253154171577])
(3,[0,1,2],[-1.950670094156733,7.104115155023055,13.098683854012467])
(3,[0,1,2],[0.0649851593443482,3.275434720661565,5.516187749200552])
(3,[0,1,2],[13.467527815908676,24.404959944649853,35.1054000204696])
(3,[0,1,2],[5.4737985375909615,10.941418716302499,21.135410707773804])
(3,[0,1,2],[-10.242484001828362,-13.775205065518545,-8.111287677282602])
(3,[0,1,2],[-6.849548615644382,-0.02049774642251667,2.1873837047239024])
(3,[0,1,2],[2.3489767575373284,7.119373811491982,10.760684022276118])
(3,[0,1,2],[-15.283011388285571,-13.966236411310856,-21.62542881548996])
(3,[0,1,2],[-6.723029841839243,-11.009425009497841,-4.814239348911534])
(3,[0,1,2],[-10.636131245473821,-10.145219298273418,-1.375363087366867])
(3,[0,1,2],[1.2858800569927356,2.3617465931785286,3.278161554054321])
(3,[0,1,2],[14.991663981923812,25.950030726009246,33.66436731725537])
(3,[0,1,2],[3.8546646345816815,8.893109171437647,18.619818536146187])
(3,[0,1,2],[0.7197093882115012,4.525008698022112,5.891195541858178])
(3,[0,1,2],[-11.046463200550306,-8.544340186589354,-10.41624790373142])
(3,[0,1,2],[-1.881714393169176,5.76474479295263,5.9678473772223555])
(3,[0,1,2],[-1.4297609592005263,-0.33950412401447416,3.639219100740438])
(3,[0,1,2],[-1.830486431992504,1.639270186128192,11.170359607682377])
(3,[0,1,2],[5.577217771723126,10.158117219573457,14.838987049601737])
(3,[0,1,2],[18.904805049723446,28.055958358644084,38.12127006153122])
(3,[0,1,2],[-12.009059294883228,-8.732826401185386,-5.345956011986127])
(3,[0,1,2],[9.524675592164412,5.293364853002807,15.24151277555633])
(3,[0,1,2],[-7.6142346905330145,-10.398787302064461,-9.861369624584334])
(3,[0,1,2],[-16.429894897483063,-13.784772869422202,-18.884612647050787])
(3,[0,1,2],[-8.0694496639643,-5.04959755725892,-9.872343732317148])
(3,[0,1,2],[-8.371417847875648,-9.743664560304573,-8.465027743793167])
(3,[0,1,2],[-4.418567833010236,4.127992237574112,-0.6085646519261791])
(3,[0,1,2],[-13.767214306684997,-15.804754630667087,-11.0747667245778])
(3,[0,1,2],[-13.19716415947837,-11.171018605888733,-15.038810973899535])
(3,[0,1,2],[-9.183535938667152,-11.036852261390692,-2.6878886711563412])
(3,[0,1,2],[-4.874337076906212,1.1091769409033871,5.351877554546688])
(3,[0,1,2],[-6.491499505293094,-8.05345388106802,-2.594126277200383])
(3,[0,1,2],[-2.0975114288985384,-5.492909466847124,-3.2888204843986326])
(3,[0,1,2],[4.960400276221468,11.602085866910924,21.272134087887984])
(3,[0,1,2],[-10.956875617326643,-11.576006946257998,-4.258199772697585])
(3,[0,1,2],[-3.704073761695168,-3.7758708409811703,4.550202615828469])
(3,[0,1,2],[-10.247670489484305,-12.540881543119387,-4.232531465899935])
(3,[0,1,2],[2.6950760800395486,13.835770321630283,8.961757675135699])
(3,[0,1,2],[6.350084500892553,12.884355094166917,11.898316734096635])
(3,[0,1,2],[-10.419819407955265,-7.15519790707271,-5.403543319063337])
(3,[0,1,2],[5.669395391850516,7.1361225286642105,20.103236907447542])
(3,[0,1,2],[-6.4037699467530755,-4.241025151950563,-9.42585049156877])
(3,[0,1,2],[-12.23783743911212,-6.22941388451226,-0.5504745526783096])
(3,[0,1,2],[4.95381873096419,2.1699504428493093,15.424110198757035])
(3,[0,1,2],[-6.234663446299194,-3.089414951048793,3.9993028441337595])
(3,[0,1,2],[-0.4378355933878138,-1.0124129161216764,7.4836528780905915])
(3,[0,1,2],[-3.549165096916917,-3.7172454689953938,1.2644962965717594])
(3,[0,1,2],[5.165325921339935,10.227136965325478,16.156850431797846])
(3,[0,1,2],[-6.292312684879314,-1.7852017807349014,1.8128679453028458])
(3,[0,1,2],[0.05483203507211168,3.8465222261306815,11.962387756910184])
(3,[0,1,2],[-5.096926887308952,-2.207224572905738,4.543230124142625])
(3,[0,1,2],[-11.207743092865265,-11.013113525060383,-14.297733773263097])
(3,[0,1,2],[-12.307247382904567,-14.35977447156368,-13.895719740016855])
(3,[0,1,2],[-5.589472138762775,-6.5653606371704045,3.487090221358573])
(3,[0,1,2],[-1.007913386080262,0.3422926170298689,3.4802322311057066])
(3,[0,1,2],[-3.553770661343668,1.0506934599966777,5.206311559587566])
(3,[0,1,2],[-10.031342400660805,-11.60657385956791,-6.594351968315062])
(3,[0,1,2],[-12.148925680180948,-5.328952680417459,1.2568222984149449])
(3,[0,1,2],[-9.367032668478958,-6.034865001009706,1.5382884248275954])
(3,[0,1,2],[-6.060993611894182,-8.727112895899408,-0.6565584607602413])
(3,[0,1,2],[10.264763470852522,16.464575778781978,20.757841480442814])
(3,[0,1,2],[-0.663831443247182,3.1444918548725855,7.951680250827004])
(3,[0,1,2],[0.005041245370060662,5.5285247345131,5.829818082364146])
(3,[0,1,2],[-0.885393743832181,7.1266836394220086,16.172006647898105])
(3,[0,1,2],[4.41772863253142,9.983046741961772,15.154561897729632])
(3,[0,1,2],[7.682480890682179,10.855475334864753,15.458791099106023])
(3,[0,1,2],[-17.526312266370102,-12.538192610153299,-20.358156827358457])
(3,[0,1,2],[-14.831869232343271,-21.689633347117258,-20.313885249650475])
(3,[0,1,2],[-7.636784621645611,-6.602264688079348,0.09768800755162144])
(3,[0,1,2],[-17.31073214012052,-14.815296524225431,-7.505374387627988])
(3,[0,1,2],[-2.4444787703932436,-1.4353930460533986,4.107036465105243])
(3,[0,1,2],[23.935905022444427,38.131885087152455,48.847516193105214])
(3,[0,1,2],[-5.5637256321091915,0.2562740893237473,5.357204889722701])
(3,[0,1,2],[1.666492254714723,4.478665375533289,11.978971801757137])
(3,[0,1,2],[0.7992621587785143,3.5766066304150295,5.570629237611813])
(3,[0,1,2],[-11.086756031470324,-13.498248477698029,-12.182995225235503])
(3,[0,1,2],[-4.233032824223415,0.6354840601897388,3.0525091929890045])
(3,[0,1,2],[16.426464970905492,36.252971584924836,47.9206756982861])
(3,[0,1,2],[-8.065320975865665,-3.7624875332496477,-0.3438549424012237])
(3,[0,1,2],[-13.731754321444477,-25.465333705832883,-28.832261746781207])
(3,[0,1,2],[-6.16693353554408,-6.997506383671214,-6.8262317888188395])
(3,[0,1,2],[-6.201083045956186,-5.809485861393767,2.752675770376952])
(3,[0,1,2],[10.01286073757203,12.89803096783443,17.190119569478213])
(3,[0,1,2],[-11.248212546210413,-13.100770666146023,-11.783911300665247])
(3,[0,1,2],[-0.009597598571920184,-1.2624921027797384,9.207364351329726])
(3,[0,1,2],[-15.647657170780507,-16.947791301914208,-19.908893946848405])
(3,[0,1,2],[-2.025383081759046,-4.769108267981281,-5.696728287535603])
(3,[0,1,2],[-8.684306676116888,-3.277329614262398,3.2541911988822156])
(3,[0,1,2],[-6.412023789370948,-7.675010963130271,1.3717435362412305])
(3,[0,1,2],[-1.337033099420742,-4.342731560004072,6.211227616792655])
(3,[0,1,2],[9.296524269423136,10.34446625097377,13.74330907239683])
(3,[0,1,2],[-13.301684040722627,-11.82682037502644,-8.422559999525019])
(3,[0,1,2],[2.73402567216122,6.811679159136892,5.942371293265358])
(3,[0,1,2],[-10.045266713306209,-6.717428516880962,1.5418625381966058])
(3,[0,1,2],[-5.113660387712354,-9.298469147044834,-3.0441092059196992])
(3,[0,1,2],[-13.617586233560399,-9.17613698363236,-3.7156726057577174])
(3,[0,1,2],[5.492370633269675,14.268192580759626,29.711503893725776])
(3,[0,1,2],[9.732399233678608,14.087572292959944,16.975467863473256])
(3,[0,1,2],[3.1584539378232797,10.188975212408849,6.4770449204755005])
(3,[0,1,2],[-13.235956697420855,-5.20596687479444,2.187140384002679])
(3,[0,1,2],[9.81850550346541,22.84178425200175,29.208031922889404])
(3,[0,1,2],[-4.3027849969052046,-1.8122621013728835,4.594461993442713])
(3,[0,1,2],[-10.103412121551282,-10.068321244667766,-10.14354932134365])
(3,[0,1,2],[-6.382702967989648,-8.457144463163784,-9.399174548196882])
(3,[0,1,2],[10.024541209996412,7.991446653274664,22.43204111112584])
(3,[0,1,2],[-9.21872575972936,-5.642044165055717,-10.289991796660823])
(3,[0,1,2],[5.404792565032162,15.49378735118581,25.34378523232015])
(3,[0,1,2],[5.144741816404323,13.662757918301057,9.805849190921743])
(3,[0,1,2],[-11.606253325129527,-14.395827431371028,-13.14483664259297])
(3,[0,1,2],[-19.654903455204874,-28.279708028341204,-33.31588250038909])
(3,[0,1,2],[-7.829232388616019,-13.800095987007012,-20.607804853166037])
(3,[0,1,2],[-9.104893420949793,-9.79728564496984,-11.328446497371582])
(3,[0,1,2],[-5.9412951847078075,0.645942223231706,2.9148357181543076])
(3,[0,1,2],[-7.90288065256812,-12.871773359657048,-4.714402538074359])
(3,[0,1,2],[14.031411123220469,17.53981176007727,27.709728891920435])
(3,[0,1,2],[3.4566438330081093,7.838561257066948,10.492768314935592])
(3,[0,1,2],[-4.133581938258195,1.5656499923163292,2.907580818485523])
(3,[0,1,2],[-7.06526579262952,-8.319002346815836,0.7031479220021125])
(3,[0,1,2],[-4.025965654441483,0.6461833217758803,3.174476099655325])
(3,[0,1,2],[11.657707972658741,17.799402159059387,25.34403877365135])
(3,[0,1,2],[4.81643751172629,17.87408101245191,14.616411886064604])
(3,[0,1,2],[-11.338892781582047,-9.600078276506347,-1.7643338210104713])
(3,[0,1,2],[4.524471276651042,8.36437524177081,15.695511708815395])
(3,[0,1,2],[-5.147493355501711,2.3854600857365975,7.472093279723705])
(3,[0,1,2],[-10.241000931671028,-10.357596163204063,-10.37088394243101])
(3,[0,1,2],[-13.91597047589024,-18.578356265998437,-15.191596237144223])
(3,[0,1,2],[-16.810116694225357,-15.754435303653885,-20.13028363004451])
(3,[0,1,2],[-2.8638403933910515,0.5025551411797509,3.00362418265048])
(3,[0,1,2],[-12.851537862131075,-13.886042636596448,-13.026697345481887])
(3,[0,1,2],[-8.885303692565135,-6.550251244124034,2.1329703347268434])
(3,[0,1,2],[-8.06909509010092,-10.253709581739875,-11.109767980549986])
(3,[0,1,2],[11.680486435530337,24.84230369059643,32.87533356760345])
(3,[0,1,2],[19.66024026007573,32.33076676991484,39.57650568471637])
(3,[0,1,2],[-1.082954072263999,-1.6705606881858017,8.76476053138736])
(3,[0,1,2],[-3.930722873392538,1.8696460474956134,8.503344378188281])
(3,[0,1,2],[5.85680532035358,16.437458854484237,23.919178644355583])
(3,[0,1,2],[-9.061150366675276,-5.1300998543671,-3.113683960569224])
(3,[0,1,2],[-3.4289975459184205,-2.8444096904276854,-0.1360260709650838])
(3,[0,1,2],[-5.234410800327447,-5.212224356513696,-2.2130300268264085])
(3,[0,1,2],[-10.095587748868844,-5.910764700122121,0.13794439563811545])
(3,[0,1,2],[-19.622584126022797,-18.045548921637508,-23.923637670371434])
(3,[0,1,2],[6.528649301234081,12.694353223427573,24.945657628214008])
(3,[0,1,2],[12.903216666245434,26.484055278494264,34.813236407745684])
(3,[0,1,2],[-7.135188727672253,0.38548776312231015,4.989463169626117])
(3,[0,1,2],[-13.312787977152324,-16.343630190964923,-12.15017488953391])
(3,[0,1,2],[-1.6099287324884706,-2.954398653398309,3.946079109967399])
(3,[0,1,2],[-5.52317871717399,-8.301295953466086,-10.38290948755856])
(3,[0,1,2],[-8.284425342146696,-11.321604809261874,-3.9847628067744596])
(3,[0,1,2],[-2.2315021912804904,-1.900676688498168,4.934356315527876])
(3,[0,1,2],[-7.244287717490971,-4.789019880831968,2.200920644365934])
(3,[0,1,2],[-6.486330750084411,-5.947483755175371,0.09592326726834666])
(3,[0,1,2],[-13.203651058208802,-18.305878989317854,-16.37788115336606])
(3,[0,1,2],[-9.619276485031518,-12.705571891780139,-4.636417107133823])
(3,[0,1,2],[-1.1917441294579398,3.8234332289537347,12.659638923628675])
(3,[0,1,2],[13.122539798299687,20.72857684571967,27.95253006311056])
(3,[0,1,2],[7.886242105330462,13.519688598377485,17.750843872050304])
(3,[0,1,2],[-9.601665628632178,-1.5868708866118686,-3.1211752436081843])
(3,[0,1,2],[-9.134020767957276,-7.4668317539813085,-3.5937205147348403])
(3,[0,1,2],[0.023901843912321474,5.045811454487123,10.781645387994523])
(3,[0,1,2],[10.729360902471775,16.487705418081163,28.135000783301102])
(3,[0,1,2],[-3.4798035326702728,-5.414534865175196,1.5636602449204857])
(3,[0,1,2],[-5.790149776259671,-8.28739545035884,-5.382413348434945])
(3,[0,1,2],[-9.725911460154046,-10.901461402767822,-15.310818036032074])
(3,[0,1,2],[-2.1045965028239983,3.0748485651620703,7.878652756409878])
(3,[0,1,2],[-13.768891985281659,-15.984596225336652,-6.589972710781311])
(3,[0,1,2],[-14.542153986784353,-17.416424205221677,-11.433448960912072])
(3,[0,1,2],[-7.001472688731441,-4.783891450217885,2.9173442942522074])
(3,[0,1,2],[-6.021586216081464,-7.687202504932225,-10.237713363387199])
(3,[0,1,2],[11.13690320617826,14.551166155650701,26.016353924560967])
(3,[0,1,2],[-8.282927791219464,-7.092629161071137,-7.84914007391089])
(3,[0,1,2],[2.0643532823486686,8.18270137337842,16.001675563685183])
(3,[0,1,2],[-8.851093067229549,-5.396358225292589,-0.12753567629583573])
(3,[0,1,2],[10.180777710307813,14.71983199498084,22.53438621495571])
(3,[0,1,2],[-7.416880405590214,-8.773483667363331,-10.18571777057033])
(3,[0,1,2],[-8.85488102552519,-10.977411378445668,-11.60635532079151])
(3,[0,1,2],[-9.190179963907932,-5.220276452346959,1.5460904605656582])
(3,[0,1,2],[-11.295877752593839,-3.940903557116515,6.862627278504552])
(3,[0,1,2],[-6.451278695249602,-8.030027229522787,-7.762536927944173])
(3,[0,1,2],[-10.556644749952053,-9.783286152924491,-14.510733285033297])
(3,[0,1,2],[-9.883065704283482,-17.161970367478634,-16.686899296885457])
(3,[0,1,2],[-8.96711513504831,-5.492797133662709,1.5114633780704048])
(3,[0,1,2],[-14.108449834023734,-10.52761558377908,-8.899757564273349])
(3,[0,1,2],[-7.013128803509573,-6.21325003841642,0.21567802365333])
(3,[0,1,2],[14.158417279455685,21.889169436975987,28.24288138720032])
(3,[0,1,2],[-7.4562062215265925,-7.765575260147202,-8.185454763376269])
(3,[0,1,2],[6.338619235803929,13.67133145136846,30.175593246249427])
(3,[0,1,2],[7.684567124477761,11.308020284087618,17.949498170572664])
(3,[0,1,2],[7.91173507220255,10.72829035672872,13.124766140574792])
(3,[0,1,2],[-5.054769970379049,-6.867991898647805,-5.481336278825944])
(3,[0,1,2],[-0.6445574923386644,1.5823688756728749,5.660426228314154])
(3,[0,1,2],[-10.919659249800635,-14.135276070473967,-18.357605228962345])
(3,[0,1,2],[7.213830527185632,10.325980902313207,21.829659998973007])
(3,[0,1,2],[-14.999119031279287,-11.547044315187852,-16.504388849777726])
(3,[0,1,2],[-2.974310148195707,2.647352708370182,-0.8288548276328633])
(3,[0,1,2],[13.617242468876535,28.351549381702853,35.67784412594693])
(3,[0,1,2],[-14.79551736866179,-15.290017810783732,-14.098150214382464])
(3,[0,1,2],[-11.58352963841327,-12.581450255510532,-15.69608181953836])
(3,[0,1,2],[20.64245582655878,31.6113400595816,41.01725184234189])
(3,[0,1,2],[-1.1344570719202474,0.6695828577656435,-1.4491693531607384])
(3,[0,1,2],[-12.28518639966055,-17.027955263371624,-23.850544445783605])
(3,[0,1,2],[-16.048579670490604,-20.582792184183607,-17.25854595909315])
(3,[0,1,2],[-5.818875133168207,-3.460631941665133,1.9249529875856246])
(3,[0,1,2],[-3.090916263870489,0.15088192958359292,8.047221178548122])
(3,[0,1,2],[-7.541819196532276,-3.7482684234438777,2.44874958721762])
(3,[0,1,2],[17.0806626078878,27.939032569632037,35.220398338316095])
(3,[0,1,2],[4.56813591436911,-0.4582575709505531,8.85166696809635])
(3,[0,1,2],[0.3020229360923707,3.4311164358800843,7.465160324794472])
(3,[0,1,2],[-8.801362020357976,-12.47917813696109,-9.19158540450066])
