(3,[0,1,2],[-15.659019048051409,-26.096640398826615,-9.434521479152183])
(3,[0,1,2],[13.171893985838985,12.10501640007233,18.49932173957364])
(3,[0,1,2],[8.327755360227428,-7.4134122836769425,5.251071947464407])
(3,[0,1,2],[4.83323974540357,1.6262958496564086,0.5134420957123157])
(3,[0,1,2],[-3.7064995546773636,-9.886136111685369,-8.570540167857102])
(3,[0,1,2],[-2.7216260763666473,-7.717861600018358,-9.614241232922703])
(3,[0,1,2],[9.176342253910033,16.317907186034983,25.66617688220316])
(3,[0,1,2],[16.264236490030363,-6.6642359976368235,13.9750133187467])
(3,[0,1,2],[9.142144976766227,-7.310748088462423,-0.19393772567157408])
(3,[0,1,2],[17.565611508687795,-1.6061012229088523,11.784358781786429])
(3,[0,1,2],[25.23779866302662,37.67067324219198,33.20727831951105])
(3,[0,1,2],[10.280548837332953,-9.016508986740568,-19.26536155492557])
(3,[0,1,2],[-11.305616478542131,-21.49195443985779,-7.2427575692603465])
(3,[0,1,2],[-5.544878832361901,-34.803332147356095,-13.831968199014174])
(3,[0,1,2],[7.421413663614797,-3.999562011317539,1.9024834795407788])
(3,[0,1,2],[22.641425317994525,-3.3203162123651113,2.7877832265644273])
(3,[0,1,2],[-4.167572245609082,-6.729140737191004,4.924390131625542])
(3,[0,1,2],[-2.333663888795509,-20.636739346614263,-17.401236820523483])
(3,[0,1,2],[7.360996243428278,-14.507182621145917,-13.163883880058108])
(3,[0,1,2],[6.370439607325072,-5.679516493708294,-13.588121565941586])
(3,[0,1,2],[-4.955368211273272,-19.05957342545732,-13.508735155546548])
(3,[0,1,2],[7.6536939827094015,-0.538831487215952,1.8758028641951998])
(3,[0,1,2],[3.7182071070569975,-15.713821575825714,-2.5436260830912714])
(3,[0,1,2],[4.005546762805917,-19.979820571471333,-12.58258669872524])
(3,[0,1,2],[-2.57587838551511,-16.666003396155816,-16.79875056104641])
(3,[0,1,2],[9.744339682090786,-25.67143209684674,-29.75679276402532])
(3,[0,1,2],[-5.231152342754661,-9.294991177950594,-6.299599869447783])
(3,[0,1,2],[11.29607003962072,-5.482654021840972,1.1556114241554487])
(3,[0,1,2],[12.963201560260439,-14.421195436861119,-6.293416939374859])
(3,[0,1,2],[-0.9919175538334276,-18.334075430731666,1.486748929205021])
(3,[0,1,2],[-6.614984036071597,-17.757340581163085,-14.40455750389964])
(3,[0,1,2],[3.6698154025728607,-14.19136640131171,-7.041717738188068])
(3,[0,1,2],[7.022983427871846,-10.35571034223438,-0.13594798507140904])
(3,[0,1,2],[1.2685620417267867,-16.744528653968747,-1.5878735825735903])
(3,[0,1,2],[-9.79569911824737,-21.496344772583605,-4.509821170522533])
(3,[0,1,2],[15.730763524467092,15.22141000742881,15.699051968523259])
(3,[0,1,2],[-6.400023497039389,-10.79729741841337,-4.2368857580723605])
(3,[0,1,2],[18.341565121392165,23.309717668875,18.34934021102073])
(3,[0,1,2],[-3.529996932674765,-20.96869943620051,-3.826358064532645])
(3,[0,1,2],[-4.977339802379039,-14.894869747512407,-4.872455692458831])
(3,[0,1,2],[10.018745696230425,13.191441751735141,11.77019792785141])
(3,[0,1,2],[18.45882221080769,-2.6856271831478913,2.8074014746170723])
(3,[0,1,2],[5.174058693348073,-29.806015224228034,-21.81745318996571])
(3,[0,1,2],[8.948313034626455,-16.686277471263175,4.450024278861888])
(3,[0,1,2],[-0.7128530791315274,-17.291087780157806,-16.85091836165938])
(3,[0,1,2],[-6.2191595725503035,-31.61922346179313,-13.699950014544319])
(3,[0,1,2],[-0.4562984689592416,-24.064734933559418,-10.370717245297183])
(3,[0,1,2],[4.029036179610777,-25.37830448887343,-7.3213837258856564])
(3,[0,1,2],[-1.932895412886681,-25.484921544272737,-11.2309020705745])
(3,[0,1,2],[8.680511306858605,-8.89053798521034,-0.17642893272005744])
(3,[0,1,2],[-2.8364453164513623,-18.03096046851932,-10.539433577568852])
(3,[0,1,2],[3.775560763673707,-6.712036696524679,9.020028241893232])
(3,[0,1,2],[0.14737071373159374,-8.032371242273834,-13.159922436836023])
(3,[0,1,2],[2.9551869855474733,-3.273049049766297,0.05904560527316782])
(3,[0,1,2],[13.089802586631228,11.739476790956601,10.873183083643022])
(3,[0,1,2],[23.0496269580523,-4.8711209903490955,15.388576671422266])
(3,[0,1,2],[1.519361705844223,-25.068629718432728,-17.712469787326828])
(3,[0,1,2],[14.499014179238456,-0.6130152724119653,8.358582448613257])
(3,[0,1,2],[-3.203139250653071,-18.769257856969734,-15.051896334021741])
(3,[0,1,2],[2.1886911136583787,-9.184920089071344,-7.6899068570388724])
(3,[0,1,2],[-11.47311121292881,-18.5711847240446,1.8947158791002878])
(3,[0,1,2],[12.034088501834436,7.029256164037098,16.051514674865782])
(3,[0,1,2],[4.173161168364837,-2.842085954734384,-3.1827455437350896])
(3,[0,1,2],[-3.276562756604479,-21.233945510538007,-25.821740283457068])
(3,[0,1,2],[9.370323419609571,2.6950827291744757,17.67396585858092])
(3,[0,1,2],[9.291615273233402,-0.8484896304934788,11.258646502233129])
(3,[0,1,2],[5.071549913943536,-3.0302108121576974,5.46630979246634])
(3,[0,1,2],[-3.7971200207017675,-33.66328723066826,-24.492445860929298])
(3,[0,1,2],[0.20239201723679356,-13.512268263876365,-16.59736464181078])
(3,[0,1,2],[1.4951171026684498,-24.07267364823781,-19.23704949159546])
(3,[0,1,2],[-4.701519797823158,-28.517337012489225,-25.874967164911077])
(3,[0,1,2],[-3.280869366618797,-50.75065084881756,-23.70956502785547])
(3,[0,1,2],[10.890403900976464,-10.51939418462051,-3.0788729949138403])
(3,[0,1,2],[-0.0010792088993982762,-16.660406600824015,4.876557465610587])
(3,[0,1,2],[13.22124878281859,-1.0034958424757834,1.3566847396091894])
(3,[0,1,2],[2.2964438022810647,-19.331309317183564,0.7565684955478709])
(3,[0,1,2],[-16.155647309428744,-19.83416398947023,-8.205855436796435])
(3,[0,1,2],[-0.9792036007755434,-1.6197955763502296,-15.102533105487211])
(3,[0,1,2],[8.179697007724542,-10.748379209053102,-8.999934616509412])
(3,[0,1,2],[4.224651894994962,-7.403728615926096,8.655214626567611])
(3,[0,1,2],[-3.520709229294908,-26.999137829742903,-15.469647483300138])
(3,[0,1,2],[-11.347886003246698,-12.883586427352462,-2.760137616795327])
(3,[0,1,2],[-4.291620466683294,-11.813182000470045,-6.259764221670801])
(3,[0,1,2],[-3.0783357653583474,-28.890724924550327,-27.652018666279975])
(3,[0,1,2],[12.369902637857736,-10.860633845509218,-17.588227381683453])
(3,[0,1,2],[4.461085479420252,-9.976407068919393,0.03938539253749551])
(3,[0,1,2],[7.8829715950205745,-26.071287028861253,-23.66085154742517])
(3,[0,1,2],[-2.4964081202397788,-10.72146509319667,-12.913916377159367])
(3,[0,1,2],[-0.6557311057655524,-19.47056805520638,-18.523557175375934])
(3,[0,1,2],[4.620032208844483,-6.848200467601293,-10.942944583370924])
(3,[0,1,2],[9.4839200430014,5.9502026033071065,9.374989912827429])
(3,[0,1,2],[-12.15633808105009,-7.895085159089234,-5.169199184865736])
(3,[0,1,2],[-17.510186392712082,-29.947579220587443,-38.246293889468795])
(3,[0,1,2],[16.959151959541444,5.132086909883917,12.095616294442651])
(3,[0,1,2],[-10.991969504004306,-29.4785912093978,-34.16923113765815])
(3,[0,1,2],[18.440194618932882,14.426915771869133,24.823942694202028])
(3,[0,1,2],[-4.9907343567400115,-4.450182298442186,-14.90298077706306])
(3,[0,1,2],[13.711978087160675,10.439942831252564,4.780194275982438])
(3,[0,1,2],[4.882267547953749,-13.768707657014861,-16.605526651960876])
(3,[0,1,2],[7.980337384580471,-10.285077242213456,1.1522555234474743])
(3,[0,1,2],[-4.546631824121314,-26.521177469349986,-13.692368587613633])
(3,[0,1,2],[9.37446727129328,-10.35088731948892,-5.718895896984952])
(3,[0,1,2],[-0.27607913686513974,-23.009123433412434,-25.1382590427785])
(3,[0,1,2],[1.6691230556248793,-6.550369296788572,-3.0807645427800936])
(3,[0,1,2],[-7.028910561699392,-24.699797538551234,-10.933548659324714])
(3,[0,1,2],[2.5028049870297995,-32.15985908007731,-31.332834951892345])
(3,[0,1,2],[17.582316912707796,0.06881343862337719,0.2667365784018678])
(3,[0,1,2],[-5.152178433615088,-20.03650599195517,-16.844583950254517])
(3,[0,1,2],[-8.85518957850315,-20.701438627957366,-10.67420182822714])
(3,[0,1,2],[4.3042092066350985,-13.957039227149341,4.143911741122025])
(3,[0,1,2],[-1.986338440666861,-16.452073432208696,-9.200255083562709])
(3,[0,1,2],[-0.5511423087794226,-12.75180154191921,0.43038282102836156])
(3,[0,1,2],[12.06285144154546,3.310824203614077,9.925858655632204])
(3,[0,1,2],[5.412372257071144,-17.171311928673784,-4.981975182482885])
(3,[0,1,2],[8.09414411682374,-4.998603781191958,-17.027747626982155])
(3,[0,1,2],[-13.274645500712104,-15.881913806793747,-5.362925079996255])
(3,[0,1,2],[-8.902300490270846,-18.097321333638536,-20.714370998794337])
(3,[0,1,2],[-10.464600455826867,-20.07000307307029,-9.568126410328427])
(3,[0,1,2],[3.7524516386847755,-0.7173822317870701,7.246543317554672])
(3,[0,1,2],[18.618088669623685,31.860054654419965,25.365231058191924])
(3,[0,1,2],[4.381091781856108,3.980502472136761,0.8667887902896982])
(3,[0,1,2],[-0.5434907922971521,-19.12643812052803,-20.787781951172974])
(3,[0,1,2],[2.986589792797147,-19.89361591253185,-2.0800989350613106])
(3,[0,1,2],[7.121701527507472,-20.68634875165419,-0.3428163309117105])
(3,[0,1,2],[7.334198701528696,-13.482646951711633,-9.019567860146223])
(3,[0,1,2],[-7.416775249845269,-11.806154144784285,-2.6167098054867433])
(3,[0,1,2],[12.24785399319279,0.4428237355375172,-0.12514797252205656])
(3,[0,1,2],[4.332475249092373,-24.67074833508754,-20.981710739144706])
(3,[0,1,2],[-13.060173565253397,-24.9356179808642,-13.919362434763334])
(3,[0,1,2],[-10.617204161582551,-22.85128093232674,0.05129782230653657])
(3,[0,1,2],[-7.776702137293712,-21.708021265017834,-1.6754018836115285])
(3,[0,1,2],[-4.544708081623793,-4.425443892728963,4.1213071137662])
(3,[0,1,2],[16.812010351717795,21.616458731826974,20.908429070046786])
(3,[0,1,2],[-6.144547072972745,-30.097754736429245,-6.113804006825156])
(3,[0,1,2],[6.319499638684486,-2.543234067983796,3.267048973251315])
(3,[0,1,2],[-7.322902242980947,-29.278523698245063,-15.975094162326815])
(3,[0,1,2],[2.4517799881425586,-13.45029501452527,-14.94782499273603])
(3,[0,1,2],[-17.31443533915736,-25.385465291712247,-37.81050152185209])
(3,[0,1,2],[-2.551846520749068,-33.837890293585026,-29.527018772513664])
(3,[0,1,2],[-6.081981557561073,-17.29129960098881,-4.747070047311777])
(3,[0,1,2],[-4.587420990554328,-21.268910254500625,-20.00847253995233])
(3,[0,1,2],[-8.520048864726839,-16.103649986586543,-3.2763506917998613])
(3,[0,1,2],[15.695459155347143,13.962569639875177,27.17948020286938])
(3,[0,1,2],[9.754265482088758,0.3643942086178641,1.5724580402479018])
(3,[0,1,2],[1.7538092304538395,-8.65099886680237,-1.9472209967791592])
(3,[0,1,2],[1.6946432171521444,0.6576622638571444,9.225854557828052])
(3,[0,1,2],[16.098950238941242,0.04694203561873633,8.183725519146478])
(3,[0,1,2],[17.437407265131412,-6.911006176348856,4.880466504967142])
(3,[0,1,2],[3.3003950659717995,4.568529528204752,5.336179510389409])
(3,[0,1,2],[7.046942940965521,-21.834721089647108,-10.041515894617396])
(3,[0,1,2],[3.718591854481065,-9.758065491758693,-18.86689182652919])
(3,[0,1,2],[-4.693469320334776,-21.464151875424708,-15.004076068695296])
(3,[0,1,2],[-12.159346368625005,-18.93066527676503,-9.822509213950964])
(3,[0,1,2],[2.012304024227493,-13.842665063849418,-3.7421840170365526])
(3,[0,1,2],[10.667875713444937,12.9753367586823,10.810681740895404])
(3,[0,1,2],[13.289919828291616,9.723382777688043,9.366129319285438])
(3,[0,1,2],[12.406921826170914,-9.46135164939703,3.5205159142197635])
(3,[0,1,2],[13.277364007180907,16.78510187005568,27.705442843254488])
(3,[0,1,2],[1.7266094541166632,-32.92705177405939,-25.34711553095148])
(3,[0,1,2],[9.094925619316859,2.879881642706009,8.077495012659256])
(3,[0,1,2],[-11.038115263570132,-28.180124080402912,-17.090978025170077])
(3,[0,1,2],[9.627054011217124,10.887530384714161,18.855273547015372])
(3,[0,1,2],[-3.95283122331353,-24.453678672377027,-14.580841119006898])
(3,[0,1,2],[-7.331303359835275,-32.65857967906283,-10.803620658412669])
(3,[0,1,2],[14.264707486597212,-9.699115656827608,7.722003122164242])
(3,[0,1,2],[17.47082043898548,18.763714017353227,21.841975953194602])
(3,[0,1,2],[-2.9337331137354963,-23.875821240816407,-10.38662179285306])
(3,[0,1,2],[-4.406065649904838,-24.90469794907907,-14.20294993612303])
(3,[0,1,2],[6.156156797980278,4.712764823522809,-2.03321960608024])
(3,[0,1,2],[-7.2889557070205555,-13.600895488700804,-19.971108752216704])
(3,[0,1,2],[14.598532045277837,7.105209637750111,11.475123423624572])
(3,[0,1,2],[-3.180447787311048,-30.736186589027398,-13.511946089973161])
(3,[0,1,2],[5.157226677961564,-5.518418491277093,9.909930794550137])
(3,[0,1,2],[9.048417848610535,-20.032757642292193,-10.680009728336078])
(3,[0,1,2],[-5.106709283751673,-24.725305770671458,-13.023192152686004])
(3,[0,1,2],[-6.944615480861589,-2.699342214301126,-3.923347073171219])
(3,[0,1,2],[3.576668201643194,-17.0134921575858,-16.37920897046927])
(3,[0,1,2],[5.1471427229490185,-17.640486540127903,4.90924728116398])
(3,[0,1,2],[18.59828879489057,-0.07320839310411775,11.095330885180534])
(3,[0,1,2],[-5.514731437998762,-34.40784428857311,-11.101426512498923])
(3,[0,1,2],[-2.33051248058348,-23.32979462409254,-17.640517747129355])
(3,[0,1,2],[-4.990378762606518,-47.91700164022538,-33.603439908298455])
(3,[0,1,2],[24.934505245104795,33.88079518625293,30.155693553972185])
(3,[0,1,2],[10.28191408184279,-7.166385422683012,1.653191000994508])
(3,[0,1,2],[-0.6281445886694257,-23.058077177772983,-16.5427426845933])
(3,[0,1,2],[8.926974879847336,-11.694873388266991,0.466799746955592])
(3,[0,1,2],[5.326011229399499,1.6011393119636488,10.502262687431461])
(3,[0,1,2],[-2.0947603399442913,-26.838132931581914,-13.287904911292923])
(3,[0,1,2],[-2.100182057193365,-3.559283735500795,-3.945932868925609])
(3,[0,1,2],[-4.249472244910414,-30.507821296482255,-20.686144542019086])
(3,[0,1,2],[6.90056039705361,0.34826672306789597,16.560355192192326])
(3,[0,1,2],[5.794914506262412,0.38130188704213447,1.7323028867436747])
(3,[0,1,2],[6.5194937546077485,-15.525422371533388,-24.441857897191525])
(3,[0,1,2],[-6.378055436471611,0.7514248421773495,4.294014573166572])
(3,[0,1,2],[5.767226425154548,8.598185822247984,2.4487520140099144])
(3,[0,1,2],[-13.758429178967878,-33.951922756014454,-27.91837071959985])
(3,[0,1,2],[-4.382103598577519,-1.284616388464222,3.341885019232067])
(3,[0,1,2],[8.599222314195568,-9.892511270985933,-4.978058515225471])
(3,[0,1,2],[6.798736718632344,-11.457963002487775,-1.1114988745916548])
(3,[0,1,2],[-3.517142994085415,-20.404915257628662,-27.17929691568082])
(3,[0,1,2],[13.991207991773807,-7.447379523573568,-10.62205829587955])
(3,[0,1,2],[-10.553024697986151,-21.432788732587884,-21.968442564420194])
(3,[0,1,2],[7.597451872734363,-16.0579560071165,-2.1637641626411215])
(3,[0,1,2],[-0.9962106587401498,-43.27038820967629,-39.535614694308656])
(3,[0,1,2],[-11.739846715280372,-39.42189874771906,-22.690437781343043])
(3,[0,1,2],[-1.2251013296968924,-8.494411570426488,-10.341046543169579])
(3,[0,1,2],[-1.6848415773746062,-17.48485713658526,-4.58955760884166])
(3,[0,1,2],[0.7279765233815174,-25.68906487828718,-15.95917298059038])
(3,[0,1,2],[-1.9673446939030477,-0.4498936705705345,-2.738233039496514])
(3,[0,1,2],[8.137469036606939,-11.394652568261703,1.3676632460567943])
(3,[0,1,2],[-4.190202247690864,-21.483783693775553,-15.437951279340801])
(3,[0,1,2],[4.869276288370774,-9.287299569797758,4.246653766992521])
(3,[0,1,2],[-0.4270332452810909,-23.456271188446937,-8.340961343059014])
(3,[0,1,2],[-5.447792181563178,-23.749249774237423,-34.777892357092774])
(3,[0,1,2],[7.804639949681764,8.013504253411128,-3.5840715986902776])
(3,[0,1,2],[15.409053378453972,-1.0568151839675244,7.510540929559693])
(3,[0,1,2],[13.001938294214105,10.109035383364319,11.645520493591])
(3,[0,1,2],[10.02742083077002,4.099153835275908,8.509553259152405])
(3,[0,1,2],[-8.319226416406996,-26.191263091668016,-15.745943271660478])
(3,[0,1,2],[-1.102052752538551,-11.365680987587288,0.864533962973357])
(3,[0,1,2],[22.149330760833898,19.585198812534788,26.95774291099938])
(3,[0,1,2],[-4.309863415663329,-21.500202696038183,-5.747030134808331])
(3,[0,1,2],[26.3733331560513,21.507343261698068,17.532507633171424])
(3,[0,1,2],[8.908839790539002,8.580598623749788,4.0026019255544565])
(3,[0,1,2],[13.104770997634914,-3.1280025404188754,-1.2423882011946519])
(3,[0,1,2],[-3.3123625914612926,-29.941721557617544,-12.767903912167506])
(3,[0,1,2],[5.142336300400934,-4.906372545051557,-5.532791957227342])
(3,[0,1,2],[7.7076104286396285,-2.5696871261232346,-4.020624901787406])
(3,[0,1,2],[-3.589996671635602,-30.372051536746703,-23.27011048122816])
(3,[0,1,2],[16.612663702359498,-6.697664415296943,17.87436854468995])
(3,[0,1,2],[-5.902813256727033,-7.2207399675856125,-3.3443885557681066])
(3,[0,1,2],[2.176203856759929,-9.025695596188472,12.26821761649341])
(3,[0,1,2],[9.948004133784934,-5.193015758371887,5.879502898941144])
(3,[0,1,2],[4.8454616253605245,15.911834608459593,23.576641432650412])
(3,[0,1,2],[-5.557306187890996,-27.03765162775083,-18.7173484832853])
(3,[0,1,2],[2.6298438853990698,-29.182912827639353,-10.330078629657487])
(3,[0,1,2],[-3.9345183937267807,-27.663633577132064,-17.15768744607939])
(3,[0,1,2],[0.8521484898801891,-4.510478353991066,5.2623163742205925])
(3,[0,1,2],[-9.511453015952004,-25.71247304284612,-25.643226727553387])
(3,[0,1,2],[-0.13934105745480158,-19.877182352714556,-16.292005960936443])
(3,[0,1,2],[-6.290997655026998,-30.549554159171976,-4.689507891417992])
(3,[0,1,2],[8.624918738116568,-14.294907360547581,1.336811739911754])
(3,[0,1,2],[11.012250338110618,2.7480614077808974,10.376799578148445])
(3,[0,1,2],[7.214930363984358,-24.919915041773425,-5.867441347831719])
(3,[0,1,2],[-8.816065501243903,-8.96905942601039,-17.444791208514857])
(3,[0,1,2],[17.518315903607146,12.128551920133765,2.02312581357133])
(3,[0,1,2],[0.18636027359971358,-6.326767461503412,5.725561375780534])
(3,[0,1,2],[-0.021292204322120256,-8.997783069138125,3.7738211797580306])
(3,[0,1,2],[-1.5495838491382958,-13.289428770043333,-6.857311167135817])
(3,[0,1,2],[-15.88246904262383,-17.124446487342247,-5.739957885098538])
(3,[0,1,2],[3.0670476518202197,-19.630746601491275,-20.248884653180507])
(3,[0,1,2],[7.121231172974273,-9.584663933701288,-0.5470747865248503])
(3,[0,1,2],[14.298780674843114,-6.523787841121684,0.7134667022615013])
(3,[0,1,2],[-3.8804038091244677,-22.709620741206614,-12.954379081115635])
(3,[0,1,2],[-14.83358980549757,-28.148023198148834,-15.251613933066372])
(3,[0,1,2],[24.56821949807685,20.90927700101084,26.35835518254276])
(3,[0,1,2],[-9.393392385570404,-48.985057656145614,-29.266636939754505])
(3,[0,1,2],[0.802564313040043,-16.613952164605426,-5.283332869543477])
(3,[0,1,2],[5.41527991599356,5.523212303692711,4.055126849962555])
(3,[0,1,2],[14.791567341065372,-11.518740492115727,-13.268394244615395])
(3,[0,1,2],[10.057787573221285,0.5776028700292601,19.101936374768943])
(3,[0,1,2],[13.340514075299478,-15.327875351076223,-4.635395878151636])
(3,[0,1,2],[0.7878195834455304,-8.33729860325509,-2.8200933792526803])
(3,[0,1,2],[10.984978284936245,26.768269387311136,21.117619501521677])
(3,[0,1,2],[1.6319286763920546,-27.65871713254644,-24.502742524516144])
(3,[0,1,2],[-6.888285166862079,-7.399992575078943,8.246291505557723])
(3,[0,1,2],[-12.833961608126257,-28.330270383108367,-12.70966809356571])
(3,[0,1,2],[1.2033872079352315,-15.598857566442389,-16.22210991863952])
(3,[0,1,2],[17.58099616298325,4.055620863900637,6.742771473137222])
(3,[0,1,2],[3.4355134205569886,-18.52615270915089,1.4950750326517839])
(3,[0,1,2],[15.186923224094372,18.747240639910665,14.130050784856731])
(3,[0,1,2],[9.624477198391515,-11.798088023533232,-2.2879788204216167])
(3,[0,1,2],[13.098104645578172,2.1279228674995805,13.996985153027797])
(3,[0,1,2],[11.810394894113628,-2.9627813633371756,4.298427981787947])
(3,[0,1,2],[16.36614365080344,0.7635493539401077,24.748690432298112])
(3,[0,1,2],[-15.982407278198151,-25.030090634947694,-3.089336228186022])
(3,[0,1,2],[-4.099606896327814,-28.80428506000593,-32.05960421051427])
(3,[0,1,2],[10.234031048154959,-3.6818808074701894,2.7472088715888443])
(3,[0,1,2],[14.740171686788711,-5.063959432892594,7.488221661609404])
(3,[0,1,2],[-2.716036818190445,-32.631324233748515,-24.45442544814955])
(3,[0,1,2],[4.449628437624208,-5.860439379344309,-6.85696702598676])
(3,[0,1,2],[-5.151048147721879,-20.975603761526987,-23.088161333318283])
(3,[0,1,2],[4.459529416310421,-20.3860403707408,-12.612889559761731])
(3,[0,1,2],[18.302269292095946,17.13627439944994,16.43484458646666])
(3,[0,1,2],[-6.416100583492408,-21.233917424049814,-7.474591273053946])
(3,[0,1,2],[2.88966952172979,-23.590988413753866,-21.08554818074427])
(3,[0,1,2],[-16.712038849642667,-21.364416628352682,-11.110258938707464])
(3,[0,1,2],[1.9950683622837369,-20.25171473588683,-2.443777377693112])
(3,[0,1,2],[-9.136383284219091,-19.21251851729778,-8.25309326206183])
(3,[0,1,2],[-1.3157522313099692,-28.962731921840078,-3.877001699540058])
(3,[0,1,2],[-2.9870758583137764,-30.284461954657065,-13.349291650764156])
(3,[0,1,2],[-3.8105423299746524,-35.72254305402474,-22.749824995212943])
(3,[0,1,2],[26.43397488845982,-0.016449465073618996,13.95663049654621])
(3,[0,1,2],[4.051916804452019,-24.163887845675625,-18.90213121526132])
(3,[0,1,2],[1.042908449356992,-34.5779695541113,-3.376471649357345])
(3,[0,1,2],[-8.625382640872752,-29.226637952991382,-25.99964761421468])
(3,[0,1,2],[25.465636034171688,23.828029034368583,27.287899863898573])
(3,[0,1,2],[-8.562394485941955,-40.434753431053,-26.372477584917903])
(3,[0,1,2],[-3.672161008249811,-14.24321103871128,-10.149280355979897])
(3,[0,1,2],[14.776589507219237,-14.117295655716,0.05923968264421253])
(3,[0,1,2],[-17.546467282399583,-25.169947600571838,-29.953033954307816])
(3,[0,1,2],[9.200310285520711,-4.714613461870731,-4.630546706615876])
(3,[0,1,2],[-3.278403676290499,-13.523452892376072,-8.5447195806891])
(3,[0,1,2],[17.717796622006514,28.326986792567887,29.04064997581324])
(3,[0,1,2],[-4.367508542565757,-19.006571757927983,-21.520392265069308])
(3,[0,1,2],[4.381234488600558,-6.962378634729167,-3.1892072857762575])
(3,[0,1,2],[15.75597648172875,-14.629236233708514,11.543701856383004])
(3,[0,1,2],[-7.525996145936484,-22.211334484243483,-9.291986102723039])
(3,[0,1,2],[-10.617289147076587,-16.233269302257934,-15.616299725202344])
(3,[0,1,2],[-7.962981825668026,-40.80101954565272,-30.380676544317218])
(3,[0,1,2],[7.736183200553391,13.546567694462484,4.937148861091412])
(3,[0,1,2],[21.446498285025054,2.285490346421627,15.605838211866066])
(3,[0,1,2],[17.00905397795711,24.525646317630223,37.96473325870145])
(3,[0,1,2],[-5.4828608160242265,-39.37988247724387,-19.8849010776817])
(3,[0,1,2],[5.434112593989676,-22.90165459770439,-12.814656273029762])
(3,[0,1,2],[5.459818269762671,-12.287726523305773,6.124683801240571])
(3,[0,1,2],[-3.812099768481796,-15.75188040561151,-9.22195030797779])
(3,[0,1,2],[5.207624247749753,-24.114671846323997,-26.13418051815692])
(3,[0,1,2],[-3.4295664831273682,-23.437441617130713,-15.696103492481743])
(3,[0,1,2],[15.030426759332538,5.0403964629313736,13.55409637194155])
(3,[0,1,2],[-0.503826673081652,-33.034482226883036,-22.093926136531845])
(3,[0,1,2],[-8.577536931079994,-34.152545214292275,-11.87192648937313])
(3,[0,1,2],[3.9883485166138453,-10.315093433324009,-16.44703357379543])
(3,[0,1,2],[-4.1536126839356875,-28.560561934249648,-20.98167687214265])
(3,[0,1,2],[-10.030052840846556,-16.845529532082125,-4.887338446490307])
(3,[0,1,2],[1.3337201513408397,-33.606706804506004,-15.804711082913952])
(3,[0,1,2],[15.52776358412044,-13.770232579790171,-4.185134396901513])
(3,[0,1,2],[-8.687517605597591,-15.798757377112716,-7.516312551672671])
(3,[0,1,2],[3.724286700413123,2.89072601976284,-9.392784600060581])
(3,[0,1,2],[1.0914512155700045,-18.97484549689434,-16.284860041043316])
(3,[0,1,2],[11.426501003276059,1.976126629892902,19.345560986175855])
(3,[0,1,2],[-6.917895655212441,-9.514661901629895,-13.406286546948218])
(3,[0,1,2],[10.461509418655432,-7.601494247947048,8.458887510784091])
(3,[0,1,2],[17.174321526228816,3.72387110362371,9.512538750668973])
(3,[0,1,2],[22.305086195478367,5.9752377721507,22.10054334928371])
(3,[0,1,2],[2.143961056892689,-5.131331973958494,-11.52723601726018])
(3,[0,1,2],[-12.20916525639917,-14.914845332744916,-11.615575669112697])
(3,[0,1,2],[12.45741263935711,-12.321919883726935,2.79030191397118])
(3,[0,1,2],[18.698761830430154,-0.05128931704699191,13.706270793340288])
(3,[0,1,2],[26.876970727985064,43.907468335099026,41.797700249127274])
(3,[0,1,2],[12.828105852324981,-36.437487055972426,-24.161325025470802])
(3,[0,1,2],[-3.857679557535177,-27.186325562195876,-12.682461447134935])
(3,[0,1,2],[3.892300623567574,-14.3928687887813,-1.569690722390742])
(3,[0,1,2],[-9.415861848158563,-20.661856077253628,-31.017773150769614])
(3,[0,1,2],[23.470300860732927,13.665805227305455,30.758689311205245])
(3,[0,1,2],[-13.092706601056594,-38.504324723310546,-28.520037969249493])
(3,[0,1,2],[4.218923988973428,-12.117301640605985,-1.1768860248332758])
(3,[0,1,2],[17.002848893675644,-2.1730950481181024,-4.936957429582586])
(3,[0,1,2],[-1.7247398640322003,-4.538918888163508,-3.5912462905252647])
(3,[0,1,2],[-5.874873343407341,-28.212358075648705,-10.819130974936003])
(3,[0,1,2],[7.80898305246305,-9.57350558922171,-4.134049052347137])
(3,[0,1,2],[-15.827360159548858,-30.715600857954747,-12.148073148824931])
(3,[0,1,2],[13.030939001251213,-7.237294550036015,10.344541519185775])
(3,[0,1,2],[5.903668980251483,-30.50640124605142,-22.798016977670745])
(3,[0,1,2],[3.1254424891466903,-6.385659497003489,-2.2481279447938096])
(3,[0,1,2],[13.495849546640589,-1.6474429976025573,11.934909286335124])
(3,[0,1,2],[-5.219465337933402,-22.429689553383977,-21.57020288743021])
(3,[0,1,2],[3.9138258120697618,-12.66699151106151,-1.551586092497745])
(3,[0,1,2],[9.241791807887578,4.846307491196408,15.572334027839965])
(3,[0,1,2],[15.078909211068678,4.412302314423617,7.715906034873173])
(3,[0,1,2],[11.97274851487808,-9.084338157308006,7.288739225410231])
(3,[0,1,2],[9.07960205300766,-14.761638812894873,-14.18914040679809])
(3,[0,1,2],[9.30275384856253,-7.683566083112809,7.20362090034857])
(3,[0,1,2],[0.6951913185255465,-28.087532958122214,-20.018105658521034])
(3,[0,1,2],[0.23730224471638955,-5.462512752845989,0.9392602237531982])
(3,[0,1,2],[-12.795563929131973,-25.346484919435216,-16.309524117113842])
(3,[0,1,2],[19.259427236078654,-2.770163648790969,5.835408048592724])
(3,[0,1,2],[22.77567358778591,10.414480756316296,30.088367859013456])
(3,[0,1,2],[-19.72025742259281,-20.094509086454067,-15.483469424839253])
(3,[0,1,2],[-0.2736862712217669,-7.6120279659487675,4.8425984331664305])
(3,[0,1,2],[18.371809147934382,7.9777273024094715,9.422202167694213])
(3,[0,1,2],[5.025961363813257,0.3448742650811704,14.562059539387423])
(3,[0,1,2],[18.669801340063415,19.828358055300672,20.96804937577462])
(3,[0,1,2],[-10.361425839928181,-10.568048135423965,0.8044743872076268])
(3,[0,1,2],[-8.379549562832363,-3.2228911993262166,13.93308395507908])
(3,[0,1,2],[0.8421164843996427,-14.628485312021846,-9.796655621961602])
(3,[0,1,2],[4.784001896169043,2.1374452118010905,7.877295773389214])
(3,[0,1,2],[1.9823353715941998,-0.7063141055309997,-7.429139241417433])
(3,[0,1,2],[15.287184417103264,-2.4710165276850926,3.256043167225132])
(3,[0,1,2],[-5.095286653571669,-26.753248147652513,-10.653992638118225])
(3,[0,1,2],[19.03380034116781,27.774212521398216,25.93021910031988])
(3,[0,1,2],[10.732457374611617,-0.0770225267474824,-4.968811956634104])
(3,[0,1,2],[9.494872274540443,-7.2536387397929,-5.2468221811357125])
(3,[0,1,2],[-4.486160475345908,-21.514076422233394,-12.166257504582706])
(3,[0,1,2],[9.161941462391091,0.13138291154432685,-1.0861333624953553])
(3,[0,1,2],[-12.43635598305836,-50.56269759343777,-12.986557690739012])
(3,[0,1,2],[8.67654691499023,5.6960573543249104,10.680645665097655])
(3,[0,1,2],[22.150413242816736,32.21601715193539,37.644820911361116])
(3,[0,1,2],[-4.148612208473564,-26.278685168022026,-4.252207376163109])
(3,[0,1,2],[-8.957968940031261,-22.34399603456545,-30.23636361327113])
(3,[0,1,2],[14.229181716174594,-12.791182813873728,-9.372997845489639])
(3,[0,1,2],[16.552861638669526,2.6946428476008664,13.983309135447278])
(3,[0,1,2],[-7.676193111803515,-25.084151239375252,-19.87998254280162])
(3,[0,1,2],[-0.3428208580150777,-13.578077545976228,-2.5279902061161423])
(3,[0,1,2],[-3.603902117120127,-19.67304778101588,-5.620788001911528])
(3,[0,1,2],[-5.407114796659963,-34.02776587160099,-9.56941028760124])
(3,[0,1,2],[-11.938421115922925,-10.074752672856121,-9.410217216430484])
(3,[0,1,2],[9.134607243779469,-7.500158887309862,7.186499632190186])
(3,[0,1,2],[-2.9300969651085325,-28.280371521550165,-19.110084295947956])
(3,[0,1,2],[-9.800105283846705,-17.103102715170714,-6.157449593340001])
(3,[0,1,2],[19.13125590998557,27.76541985831248,19.970024451232707])
(3,[0,1,2],[-2.470780355174152,-22.441130077711417,-11.166890523219012])
(3,[0,1,2],[10.156488943114404,-6.144519972218468,7.113667938536763])
(3,[0,1,2],[1.1304128053903455,-15.165147618636162,-2.2990084971775553])
(3,[0,1,2],[1.4267397440722276,-17.64814911234502,-7.939039885037779])
(3,[0,1,2],[4.435742749768108,-2.043051255430398,-0.674527793026372])
(3,[0,1,2],[-17.53101095350022,-38.20629940778815,-21.683301348974148])
(3,[0,1,2],[-0.8176679739546993,-15.015850033574598,-7.29198880716806])
(3,[0,1,2],[1.3872131617061176,-27.262315746988232,-7.123767365491859])
(3,[0,1,2],[-3.0017821563077103,-6.256286422446789,1.504821542322173])
(3,[0,1,2],[-16.04851916573052,-18.96543159246584,-26.375198116931017])
(3,[0,1,2],[0.703312668576426,-22.34392654773899,-13.743039286476268])
(3,[0,1,2],[37.778474034465624,46.28081828440216,46.15446974230983])
(3,[0,1,2],[-4.284397514635649,-10.127475997034527,-3.4302104914110796])
(3,[0,1,2],[-20.332683259385743,-25.25239623126169,-30.51603928777811])
(3,[0,1,2],[3.125966536950494,-18.176810097633158,-23.562145537822765])
(3,[0,1,2],[-9.061661030580423,-14.040443590331831,-0.17863143559868938])
(3,[0,1,2],[2.619261151014678,-20.906075237319445,-18.472729243230788])
(3,[0,1,2],[8.536889947972758,-14.530900298473469,7.052891160259608])
(3,[0,1,2],[-7.6126102002081995,-29.489710420131633,-10.447120817299696])
(3,[0,1,2],[11.315547622099295,-11.120095998776375,5.166586449205327])
(3,[0,1,2],[3.537466722874072,-22.264610912134593,-1.2328010536526097])
(3,[0,1,2],[16.002618287568897,20.967254942896204,14.324209588301613])
(3,[0,1,2],[-4.435268284426681,-24.182835114515324,-28.601837874014944])
(3,[0,1,2],[22.45141640050761,25.24862616698205,22.235233617994922])
(3,[0,1,2],[-5.434875907374652,-33.97967385629755,-17.05273180342958])
(3,[0,1,2],[29.0026096929846,48.08497043394921,42.138185492503595])
(3,[0,1,2],[13.027682180695093,4.095368483477824,-2.9634278241789156])
(3,[0,1,2],[-2.77936374121156,-15.454490249544273,-12.8686132506105])
(3,[0,1,2],[18.613964161320517,6.1703313376834545,18.00000039433283])
(3,[0,1,2],[-6.294565176803728,-3.25341289323371,-12.998850803828557])
(3,[0,1,2],[2.3734593717277988,-23.95375737569815,-14.098814260813718])
(3,[0,1,2],[-1.3698937889644627,-14.66605049493143,-19.979528170423617])
(3,[0,1,2],[-13.541291631598119,-28.95295759489895,-23.771013251586503])
(3,[0,1,2],[-5.257574784863557,-9.49368276670686,-21.622750571727423])
(3,[0,1,2],[12.356019801892248,-13.916881255969553,-6.504963602543143])
(3,[0,1,2],[3.1632854052715857,-7.549857051201425,1.488352321661534])
(3,[0,1,2],[2.091340225406054,-3.0457410957989652,-6.235228036081034])
(3,[0,1,2],[-1.8337637393565909,-17.345450281975854,-9.236336280025686])
(3,[0,1,2],[-13.612558406239538,-44.87356163075044,-14.74045019235572])
(3,[0,1,2],[5.336396147033848,-12.465719722985897,-11.446258640258115])
(3,[0,1,2],[12.771599718620557,-7.673418139510287,-0.293712762233723])
(3,[0,1,2],[6.705860437538615,-28.99995422712267,-9.786681694697188])
(3,[0,1,2],[0.6794870229558604,-28.248779042492234,-24.30101006782229])
(3,[0,1,2],[-8.88220167570305,-11.994613124780106,-14.466527515948265])
(3,[0,1,2],[10.596828209448242,-13.050756409639686,1.2836228318666107])
(3,[0,1,2],[-1.6759202761909666,-1.6135757469127927,-10.486864394190508])
(3,[0,1,2],[-0.673195856987378,-27.281547258295767,-14.265500429653144])
(3,[0,1,2],[6.737024563225148,2.1057670107802897,-17.839836396446955])
(3,[0,1,2],[-4.548520586431935,-38.294704456324425,-37.40041237164161])
(3,[0,1,2],[-9.792311177752051,-1.104259861486278,-7.15010029037869])
(3,[0,1,2],[6.375968412737733,-13.948516335344985,-6.955468541118003])
(3,[0,1,2],[10.430934282471371,-7.342806794388449,0.68830937498418])
(3,[0,1,2],[-7.636923419437882,-26.039592571079787,-17.000104605736258])
(3,[0,1,2],[20.7350000397802,23.34725545938077,19.996014909277])
(3,[0,1,2],[3.1377599441650195,-27.32943317282798,-4.297015196394866])
(3,[0,1,2],[11.539295629916758,-3.248235744054888,6.571400379485938])
(3,[0,1,2],[-0.8254474201892209,-24.25775768554713,-19.213752032967093])
(3,[0,1,2],[1.1447537080165364,-30.945815345291095,-19.90324796885416])
(3,[0,1,2],[8.409592759814094,-20.28125338492442,-19.438444803929322])
(3,[0,1,2],[1.5666497950909632,-19.0013736570932,-13.409259005112474])
(3,[0,1,2],[20.63691123426326,28.46178968003128,31.37363029556108])
(3,[0,1,2],[7.3655241839072865,-17.243290989075124,5.287180209429872])
(3,[0,1,2],[-15.484310161501877,-36.501089905956164,-33.79766754433119])
(3,[0,1,2],[3.9808053439023476,-9.05994399507201,-3.6245519862847035])
(3,[0,1,2],[23.900780130149037,13.739857493023111,24.34666021551921])
(3,[0,1,2],[-5.342840899803014,-21.542375333927414,-18.104725845753592])
(3,[0,1,2],[7.149818219438043,-19.54104528713947,-8.411508335182573])
(3,[0,1,2],[4.626272322161124,-17.71627128982874,-13.179398697886613])
(3,[0,1,2],[-1.155043669881004,-37.38549888407985,-18.771909171174887])
(3,[0,1,2],[-7.406284288963904,-30.138860457765677,-27.789845816327265])
(3,[0,1,2],[21.484520421251908,-16.512465184075328,11.633839402874857])
(3,[0,1,2],[11.507410431406235,0.729424100225187,7.221082873714925])
(3,[0,1,2],[-2.98177318003607,-9.694101415181882,-2.717578398731486])
(3,[0,1,2],[-7.45043022679699,-19.65931610983196,-9.425968886495292])
(3,[0,1,2],[14.786062463615712,4.916054497892745,4.993023993401565])
(3,[0,1,2],[19.181809757620105,17.696557629448108,16.70953326083177])
(3,[0,1,2],[12.116998633601302,3.462716712761809,1.3056168088982265])
(3,[0,1,2],[-1.2833499820125704,-19.096291065572803,-11.659119936468114])
(3,[0,1,2],[6.157050966141616,-1.4086932870235505,-3.2199919564282475])
(3,[0,1,2],[8.87739341800064,-0.29346325560337994,-4.928999387239328])
(3,[0,1,2],[13.968063515981536,4.033324830611585,12.788003561499586])
(3,[0,1,2],[6.184672581482445,-4.15324637813818,-9.423751650422645])
(3,[0,1,2],[-1.8063708347066263,-35.13664067725624,-29.01713233098372])
(3,[0,1,2],[-3.8134845335640932,-7.68554371088725,-11.646299428983893])
(3,[0,1,2],[-7.906645827550605,-20.23475696578983,-27.40545767611081])
(3,[0,1,2],[6.847906908439381,-12.013528605272683,-0.5619480958113122])
(3,[0,1,2],[10.009075623191299,9.799817448487822,20.27788329757383])
(3,[0,1,2],[15.743955116941867,8.557259760212267,18.645254883171187])
(3,[0,1,2],[-10.581840326579064,-18.436489323451468,-8.384945538511849])
(3,[0,1,2],[23.792894846980133,8.641890015380246,6.134019373055819])
(3,[0,1,2],[-1.6442474405858358,-30.30622470257411,-29.07791063510966])
(3,[0,1,2],[23.84848174391174,-3.596833497699987,2.549622169660373])
(3,[0,1,2],[-0.44894326641869764,3.552205665557944,-9.267718677423089])
(3,[0,1,2],[16.352330946883594,2.104480104695844,19.973333117779674])
(3,[0,1,2],[12.91076903707759,-0.5112128491739532,7.4285896345247515])
(3,[0,1,2],[-2.8586060456204483,-20.91949997569328,-9.921745531391052])
(3,[0,1,2],[2.616699338150684,-28.075237870307976,-18.4868718014569])
(3,[0,1,2],[8.58731107323512,-12.518304954549022,-9.146760639251474])
(3,[0,1,2],[-19.07054813908864,-33.96418583394943,-23.557378493296802])
(3,[0,1,2],[-9.631293699328397,-17.063737833183197,-2.746949048481664])
(3,[0,1,2],[1.3770988930158945,-32.518214519689224,-22.851103379367903])
(3,[0,1,2],[-7.018957951062964,-25.93356454477259,-12.552811634613683])
(3,[0,1,2],[12.693219195103445,6.8504253104378074,3.9124937961448403])
(3,[0,1,2],[10.000839196127451,7.438653877403111,2.426001619849984])
(3,[0,1,2],[-3.085426611697636,-11.294633074646047,8.870865986335982])
(3,[0,1,2],[9.002804417227667,-3.5398399239911122,13.131698289256885])
(3,[0,1,2],[11.761312874320229,13.036233449139507,29.25126348369872])
(3,[0,1,2],[-5.906456951689778,-24.21968506570655,-10.563352630035814])
(3,[0,1,2],[-11.527484422327328,-24.81159194137978,-15.94713973538156])
(3,[0,1,2],[6.989831867140742,-17.045403973796297,1.5305452871050083])
(3,[0,1,2],[21.910279685478073,5.043312097302609,17.678606809266157])
(3,[0,1,2],[-8.776064516390173,-28.676622817361167,-10.836396294657469])
(3,[0,1,2],[-4.072606055149225,-7.099839575367437,-10.001234707431717])
(3,[0,1,2],[7.231698649407857,-7.62518582375524,8.46793653653818])
(3,[0,1,2],[12.92021080996788,21.35348339016726,22.12973368600869])
(3,[0,1,2],[12.68606191550567,2.004181759425539,4.809922053461079])
(3,[0,1,2],[2.892565661160783,-6.456503848485546,2.797397437195679])
(3,[0,1,2],[-1.6076877375530592,-10.701246769268613,-1.368218618613289])
(3,[0,1,2],[8.235366509921102,-6.519371314611981,-0.44666280752563026])
(3,[0,1,2],[7.040150710355812,-33.618759487393646,-26.206819946343174])
(3,[0,1,2],[7.084928642195184,11.864601678668125,8.71054307632643])
(3,[0,1,2],[-0.49668777949069093,-12.489348703573073,-11.971155693501851])
(3,[0,1,2],[-4.8007178130166945,-0.3539373807268788,-4.396244791531339])
(3,[0,1,2],[-9.760397343156367,-21.059308532834326,-5.030062158338662])
(3,[0,1,2],[3.592608190313781,-14.36897105372498,-1.9692217898870492])
(3,[0,1,2],[-10.597824261312716,-4.99633528134225,2.520270228017843])
(3,[0,1,2],[13.3428318542716,12.065136821669324,11.016366050190445])
(3,[0,1,2],[1.4301564963233877,-10.663371375248643,1.9567523869371508])
(3,[0,1,2],[21.583249274471147,-5.42458763976923,9.910495197502488])
(3,[0,1,2],[17.34151247456202,0.8705878197422147,16.28438287467585])
(3,[0,1,2],[5.3984425982361985,10.972066643413745,22.874739847533093])
(3,[0,1,2],[15.517241510252472,31.61659766054876,39.31096489054003])
(3,[0,1,2],[18.976654913203124,-4.676434546941085,19.566495437244964])
(3,[0,1,2],[14.903136392238224,4.6910299636629285,4.197134867806337])
(3,[0,1,2],[3.596354940593179,-13.640574635316083,-11.48303736544753])
(3,[0,1,2],[-12.474064125665947,-29.687062408713654,-26.86448393741675])
(3,[0,1,2],[2.131703892369112,-22.18060088121465,-8.264439109860565])
(3,[0,1,2],[10.436973184401367,17.97646043214488,16.69178445562009])
(3,[0,1,2],[7.674899695298004,-12.109803044172482,-7.176932951198677])
(3,[0,1,2],[-16.738564432729312,-20.981168181829652,-8.545881080146568])
(3,[0,1,2],[7.086812203842866,-21.748022563701152,-24.23106139915415])
(3,[0,1,2],[-19.239989567294465,-34.23218702309532,-33.886244299150675])
(3,[0,1,2],[8.453647630185182,0.0805502214408072,8.742621530262866])
(3,[0,1,2],[-12.362847560853005,-11.654058213485168,-3.8585727657976885])
(3,[0,1,2],[4.91770795107045,-9.120244904734129,-8.172819642683065])
(3,[0,1,2],[7.784562822243704,-2.543299714568259,4.260527157291248])
(3,[0,1,2],[-3.5015853466732576,-28.32934186316561,-21.59231464872502])
(3,[0,1,2],[-3.9507616144053355,-21.64075639929672,-7.699073074324942])
(3,[0,1,2],[3.3798439749711724,-7.20439095175002,-9.797253274767424])
(3,[0,1,2],[-14.431790139107413,-29.612711282491617,-12.453983554226584])
(3,[0,1,2],[8.481659867131922,-0.7410932986908058,7.439458190809413])
(3,[0,1,2],[5.687364393849709,-29.04860313133272,-18.757460625815085])
(3,[0,1,2],[13.302920418338804,-2.671845980319139,12.683781177733072])
(3,[0,1,2],[-0.5149325672340843,-17.052706925583095,-20.726410606890095])
(3,[0,1,2],[-3.796382585121911,-24.579726529262288,-10.06379343351276])
(3,[0,1,2],[9.86327856755021,1.9180714037820759,5.547453386457277])
(3,[0,1,2],[-11.097304256698077,-14.165983651205872,-19.964957044736998])
(3,[0,1,2],[-16.368048089332547,-18.42019718452267,-4.586373525865656])
(3,[0,1,2],[-0.18925355944741717,-10.837283573620045,-23.004883263555676])
(3,[0,1,2],[-7.650689320543565,-15.243217787944829,-5.6595568987227365])
(3,[0,1,2],[-16.544042316129776,-20.892486533317012,-6.530932766692846])
(3,[0,1,2],[23.970844007419036,19.655511538723257,21.676493545988265])
(3,[0,1,2],[4.805044636577518,-20.812571889120406,-3.5483170608748082])
(3,[0,1,2],[17.976128273061576,23.644624493159466,27.412208271532304])
(3,[0,1,2],[5.561048582077179,-1.6239869878528241,15.575885610748585])
(3,[0,1,2],[9.27018156076593,-6.770910776213973,0.034676538357795716])
(3,[0,1,2],[1.208358213781242,-20.757968131870978,-0.12500683651953937])
(3,[0,1,2],[1.558739361830798,-23.95097215942901,-22.26678280082492])
(3,[0,1,2],[-3.225058068277627,-20.05992701944297,-16.791851555751595])
(3,[0,1,2],[7.4504758209777435,4.251415421618146,-2.4614081006642747])
(3,[0,1,2],[3.9693689563261776,-7.915306044449399,-2.539566485017839])
(3,[0,1,2],[-5.627487110640138,0.2472244749451067,-10.37356282120557])
(3,[0,1,2],[-3.082023113079076,-14.98431572856975,-9.84392108087255])
(3,[0,1,2],[-3.7140846360716333,-26.64613803629852,-11.810007401530273])
(3,[0,1,2],[15.524872172171692,-8.257076040620998,8.657907308915343])
(3,[0,1,2],[-12.466813156677922,-38.50244458395485,-35.47482531705692])
(3,[0,1,2],[-13.168825612091643,-31.200562972290186,-15.14328460432556])
(3,[0,1,2],[3.4472502420128737,-11.84370638061327,-5.390640498223937])
(3,[0,1,2],[-16.433830254196103,-23.000050944725057,-16.50757591017562])
(3,[0,1,2],[8.301854783157967,17.848850051571315,19.40511691109713])
(3,[0,1,2],[0.725350911675423,-29.827281917017537,-14.987027797289333])
(3,[0,1,2],[2.3379822416118414,-17.385335894141747,-8.112500546290404])
(3,[0,1,2],[-2.599945910917885,-22.538393252646415,-14.786755235452752])
(3,[0,1,2],[-0.8100590623198658,1.1473742237130542,0.1411026403132991])
(3,[0,1,2],[6.964127257154777,-15.415537538399795,-6.376720609873804])
(3,[0,1,2],[2.711566995204285,-15.995487971500493,-2.9582360982317546])
(3,[0,1,2],[-9.278363467902032,-38.398698635388435,-29.732525498621566])
(3,[0,1,2],[-8.407872928044787,-17.0581809427438,-19.998570192213965])
(3,[0,1,2],[-12.689333026725553,-17.115512891835337,-7.890258314216473])
(3,[0,1,2],[6.7425438718607795,-10.782280269990858,9.747156910533782])
(3,[0,1,2],[-3.903152548300694,-24.964310435196662,-18.254922774085372])
(3,[0,1,2],[7.04199864714956,-13.900977823949056,-10.377352122303423])
(3,[0,1,2],[0.29203054755060437,-34.42183313831528,-30.74770652208917])
(3,[0,1,2],[0.3701425266851862,-35.5654356221834,-21.380831857971863])
(3,[0,1,2],[4.383116235709269,-21.999969916255022,-13.455874496662995])
(3,[0,1,2],[19.726404792747434,28.991344829798635,29.15274696881318])
(3,[0,1,2],[-4.255190054209185,-43.64600001787374,-18.43024013291782])
(3,[0,1,2],[-5.394895397110885,-12.876215759361626,-13.241025965474218])
(3,[0,1,2],[12.792163889947734,15.262960609857977,19.02029231962679])
(3,[0,1,2],[-13.538990353127447,-28.321506887167835,-34.77064032667696])
(3,[0,1,2],[-2.9640420004110095,-31.120818579688763,-16.872681181281827])
(3,[0,1,2],[-0.6598448876796084,-23.607113699571126,-17.990650538536656])
(3,[0,1,2],[-2.442257387049898,-17.930491320108626,-12.310359505884032])
(3,[0,1,2],[11.469995180654994,14.757165334084176,13.722949526455416])
(3,[0,1,2],[0.06387052012896316,-36.69236698371078,-33.459884798324744])
(3,[0,1,2],[-2.8005856525553696,-15.978945007371102,-4.841703810678182])
(3,[0,1,2],[0.28167381010442816,-15.049235550357295,-0.8847202880177516])
(3,[0,1,2],[-6.671727300137163,-11.352898593316166,-4.662123478350431])
(3,[0,1,2],[1.0500982963777412,-26.280235617192474,-9.395501050088768])
(3,[0,1,2],[16.95211501351733,8.660864095091833,3.0188233562843236])
(3,[0,1,2],[-1.8606288270930476,-30.42482141587999,-20.948310978070932])
(3,[0,1,2],[-6.021756368959525,-25.560922463511165,-31.645623754014522])
(3,[0,1,2],[8.24676725745809,-18.927653174485872,-8.627332915867198])
(3,[0,1,2],[1.8737744401082166,-4.931698401583071,-3.4964118461780354])
(3,[0,1,2],[3.1854889539604856,-5.042435089938809,2.803085090313078])
(3,[0,1,2],[-3.710779771030582,-15.716873298397658,-11.451329948298483])
(3,[0,1,2],[11.178320273408344,-5.34476250381387,0.21136885040160314])
(3,[0,1,2],[-0.5509901350434948,-18.502489357054902,1.6390383428396422])
(3,[0,1,2],[8.179278489677175,-5.180525839557184,-8.588029450178041])
(3,[0,1,2],[8.573598978634084,-10.664205334372705,-3.5940633385595695])
(3,[0,1,2],[-0.5438632625442233,-15.326312351642072,-13.201543494716937])
(3,[0,1,2],[-18.20069862509686,-21.90792993502065,-18.683529882075085])
(3,[0,1,2],[14.30162445477488,28.7883644399916,24.475120237122514])
(3,[0,1,2],[8.53419990795459,3.6873085446073994,6.181399660877431])
(3,[0,1,2],[5.766090269997218,-19.303800094851155,-1.9531770021268855])
(3,[0,1,2],[3.797725361732209,-8.797131011077367,3.375121260930957])
(3,[0,1,2],[-6.242219778628028,-18.556928363483735,1.2103830930627337])
(3,[0,1,2],[11.802372132763132,3.4057663518518013,6.052830051578899])
(3,[0,1,2],[5.959295710806011,-30.647576068167876,-27.798556611037025])
(3,[0,1,2],[-1.6112012816076684,-19.884976592191386,-14.615889385497741])
(3,[0,1,2],[3.6130502272074567,-6.13347440986219,6.1692182159843565])
(3,[0,1,2],[13.751199235000845,-0.0532366869703752,5.522498486307089])
(3,[0,1,2],[12.680523810381985,-12.278211199470205,-9.936401897295138])
(3,[0,1,2],[-15.613604538213647,-21.507451956532407,-2.702516052822653])
(3,[0,1,2],[5.370060373005165,4.5242486943723215,19.519853600613768])
(3,[0,1,2],[10.935995937746537,-1.6378224179481207,3.9674951843490533])
(3,[0,1,2],[15.180031055657055,21.953881378455108,17.42887448151807])
(3,[0,1,2],[10.704675494908761,11.104092641126485,7.929052269363228])
(3,[0,1,2],[7.077493019858517,-9.886213283554117,-8.687888476756507])
(3,[0,1,2],[-8.590397539573473,-26.803948803271822,-10.816890290101643])
(3,[0,1,2],[0.37104236709718763,-11.366736495746325,5.0573766255229415])
(3,[0,1,2],[19.27176542403071,13.637349005450368,25.94499336672486])
(3,[0,1,2],[-2.298362596515767,-18.691908283375213,-10.98225442188686])
(3,[0,1,2],[5.2893896322260305,-6.13341046334469,11.761888873823484])
(3,[0,1,2],[21.75202667418709,2.0593171686539558,1.4804113572898134])
(3,[0,1,2],[12.929184387223948,-7.0968003917565,4.829025682057098])
(3,[0,1,2],[0.4689125172476202,-9.58136790158983,-7.912772675271288])
(3,[0,1,2],[-7.793581364342383,-27.129448100158072,-15.651559008440362])
(3,[0,1,2],[18.25194254419306,-7.008332471415712,2.827605294889627])
(3,[0,1,2],[-6.323317311470339,-17.98421926066208,-15.993397858215964])
(3,[0,1,2],[-7.3725694866584535,-21.546632147163383,-8.121183761472066])
(3,[0,1,2],[23.975411535753004,24.697225795833063,27.05583821572136])
(3,[0,1,2],[17.61940834029084,15.866492173647043,18.402884487045874])
(3,[0,1,2],[5.715395240765915,-20.5191262034921,-18.419101453062698])
(3,[0,1,2],[-5.2297690926342195,-22.77125942604428,-8.39023607402487])
(3,[0,1,2],[-8.131518182938882,-26.405761215493996,-13.340894725587518])
(3,[0,1,2],[8.728537433911786,-12.602251243086421,-0.08414079707256783])
(3,[0,1,2],[16.778108760028715,7.339526098446394,4.532426038843871])
(3,[0,1,2],[-1.0681810718334115,-15.039169718389747,-15.802146063938107])
(3,[0,1,2],[11.613182966633675,-9.07907041784215,-12.6505441216902])
(3,[0,1,2],[-0.8403031477599312,-29.549572424133405,-25.94574005700674])
(3,[0,1,2],[-5.889407327127889,-23.23882500312115,-6.533875230756922])
(3,[0,1,2],[7.969859108936143,-5.375778066197893,-6.639618739614102])
(3,[0,1,2],[7.044081392610777,14.493176185799582,18.553256321105355])
(3,[0,1,2],[-14.94609787777616,-26.960298988651182,-0.11735007207783887])
(3,[0,1,2],[-3.9793629224196754,-29.23634008325595,-10.42121200001732])
(3,[0,1,2],[3.5866985000074596,-6.82498079888973,-12.798413562779764])
(3,[0,1,2],[-2.616491818969629,-14.258766049698515,-20.950131788048743])
(3,[0,1,2],[10.992791143322163,-6.676104921583721,-8.204015859086635])
(3,[0,1,2],[0.6322824202510858,-25.400716020383555,-15.70726318269699])
(3,[0,1,2],[12.875817369052777,7.014507396634015,6.08871397944241])
(3,[0,1,2],[-2.8344666769584705,-16.183665405572718,-11.808836702607108])
(3,[0,1,2],[-3.4579972327777124,-8.044977531056784,3.9889288836447636])
(3,[0,1,2],[-10.025209174490088,-14.755023216064385,2.4682533073040807])
(3,[0,1,2],[5.065361888313709,-9.002547432423277,-2.6186846429455324])
(3,[0,1,2],[-10.804431063816718,-18.320963443609493,-2.7326645574054966])
(3,[0,1,2],[19.05638383051238,8.79154833222538,20.502243061582313])
(3,[0,1,2],[12.255698234343454,0.8717250554106819,-11.065842255006196])
(3,[0,1,2],[15.395115533313852,6.483340774638866,13.96511548726859])
(3,[0,1,2],[18.92669468614378,29.248186749413655,25.611927901346697])
(3,[0,1,2],[1.533991101347747,-21.70561070725678,-22.041969684319916])
(3,[0,1,2],[18.574012001564846,17.32483127778952,16.74058697227509])
(3,[0,1,2],[12.466606913981405,-4.201517101825134,-8.293852454795633])
(3,[0,1,2],[-0.013020125292061724,-11.40227412711319,0.3419685730706234])
(3,[0,1,2],[15.275742845106793,-1.4598928571981513,5.363697416817383])
(3,[0,1,2],[-8.607100588804023,-13.999118840374688,2.4422303395126406])
(3,[0,1,2],[10.884242932999848,-19.12791145553865,1.521454084551596])
(3,[0,1,2],[6.532732890729113,-4.166887595613698,-2.5735769511900095])
(3,[0,1,2],[3.832498094571366,-17.489346109995054,-4.188955216997795])
(3,[0,1,2],[20.006353445796517,2.604191823670907,0.05843502197090095])
(3,[0,1,2],[4.514486547583204,-4.830882731172954,1.2477307308854182])
(3,[0,1,2],[6.353281757708708,-20.99099381883578,-10.868326536178264])
(3,[0,1,2],[2.986004674350159,-10.574835613793098,-8.742854627596277])
(3,[0,1,2],[-14.27277719691496,-25.018472522747462,-8.035539354162346])
(3,[0,1,2],[-2.8135225353583637,-7.9583061964362125,-6.220081536212343])
(3,[0,1,2],[4.9459371435858825,18.88268296375237,27.681621544870907])
(3,[0,1,2],[2.471109243991292,-25.17405622149179,-13.817395820462629])
(3,[0,1,2],[19.554146341563207,9.902857211977977,26.68046955792564])
(3,[0,1,2],[7.374708852133485,-14.952145069198153,-23.594808333146215])
(3,[0,1,2],[0.9577507879906497,-6.8041830348749945,9.998816978175798])
(3,[0,1,2],[11.612910349466981,3.5569321847113233,9.930084953962506])
(3,[0,1,2],[-9.224318613909848,-9.848343337581959,-5.770696429688953])
(3,[0,1,2],[14.785756783785695,-9.300861927533564,3.9167895817131595])
(3,[0,1,2],[0.871032731315929,-21.038225019542292,-16.753141826698247])
(3,[0,1,2],[16.46293647487019,-10.074908453994986,-10.44512288954911])
(3,[0,1,2],[-8.17695960361745,-6.837807382235088,-20.69231636602796])
(3,[0,1,2],[-1.5546208079436084,-28.758821768971448,-12.10506289863291])
(3,[0,1,2],[9.376948760695958,12.02189592666776,8.102238709568214])
(3,[0,1,2],[-7.7676516386259795,-23.3611196730803,-22.256464291216712])
(3,[0,1,2],[-12.825415090801062,-23.004355610042126,-4.820467975882757])
(3,[0,1,2],[0.10079452152679802,-5.7935384765936595,-6.293143200447145])
(3,[0,1,2],[1.2439266943151195,-4.192862760438296,-5.45738705603208])
(3,[0,1,2],[-12.943785253500897,-8.89520439325587,2.147116752616055])
(3,[0,1,2],[0.22443314308595658,-12.604592177812957,-4.3165303702152])
(3,[0,1,2],[-4.7169601751812635,-28.00506616367162,-18.80702858231786])
(3,[0,1,2],[8.354135417047036,17.46614100656967,20.66948254140624])
(3,[0,1,2],[7.317334182471023,-21.640511243282063,-6.368461874707719])
(3,[0,1,2],[6.028588221363535,-1.8665232378729717,5.352271387662407])
(3,[0,1,2],[9.451836396615159,6.734560419424638,6.802957090248467])
(3,[0,1,2],[-14.70524709540812,-17.48300350012933,-8.933081561304437])
(3,[0,1,2],[-0.14855868826026286,-35.82542853763445,-15.537271317125818])
(3,[0,1,2],[4.95748185727631,-2.7893142797430723,-13.210799352607367])
(3,[0,1,2],[4.376301767090267,-13.900435048210891,-10.172052452345932])
(3,[0,1,2],[20.186372841233826,24.204696482648444,27.50236405888619])
(3,[0,1,2],[9.582020461851599,7.318965955439407,5.51240119298997])
(3,[0,1,2],[22.011207351241254,24.015602449455407,21.146793468785397])
(3,[0,1,2],[-3.8318184654356466,-14.251335735905249,-1.7217090311830563])
(3,[0,1,2],[-15.24540793913002,-29.312668110294144,-12.218464044575574])
(3,[0,1,2],[-0.12261680923282597,-22.654120485484746,-8.275687060363612])
(3,[0,1,2],[2.316674946736747,-29.06884079545769,-21.847493199180185])
(3,[0,1,2],[-5.4142544745888745,-3.5017802143977494,-16.16329949313284])
(3,[0,1,2],[15.779125075077824,-9.61437208324398,-7.928508405310513])
(3,[0,1,2],[-0.25338351950341936,-20.03171175210928,-7.560854461961436])
(3,[0,1,2],[5.919875905462062,-10.66920418369656,7.683406704174594])
(3,[0,1,2],[1.505485749330699,-21.067386891594808,-17.038648825911906])
(3,[0,1,2],[-13.53590118090007,-16.913008486933492,-10.8882149037348])
(3,[0,1,2],[19.400153078351664,-0.1537631397432928,23.173094174873818])
(3,[0,1,2],[3.438638459511771,-18.29715561298453,-6.086681473112925])
(3,[0,1,2],[-1.9972235411777004,-15.465314553567172,-6.556311575214151])
(3,[0,1,2],[18.262894442700553,9.976035087629212,21.91378808605199])
(3,[0,1,2],[0.8020665773498683,-22.50612799465759,-7.956343685093732])
(3,[0,1,2],[4.336764009173229,-17.204582418775143,-4.665062348818298])
(3,[0,1,2],[1.7175151462898686,-19.9481051804987,-10.561376338960141])
(3,[0,1,2],[-4.141436474407234,-38.22928739662791,-33.405532817980884])
(3,[0,1,2],[11.547923814469598,-4.437876321529431,18.32977753649221])
(3,[0,1,2],[15.918976214046014,5.178555151720529,21.277791327144186])
(3,[0,1,2],[-3.910585431502946,-30.70247966613194,-26.039188454613853])
(3,[0,1,2],[-0.4871905414287852,-30.303061640997118,-14.599908148976555])
(3,[0,1,2],[5.334539556648558,-7.90619104324111,-9.771876483885398])
(3,[0,1,2],[0.7318292517021624,-20.432559158723226,-4.558905602102056])
(3,[0,1,2],[-1.056344877841891,-38.264446657882864,-18.712714485036482])
(3,[0,1,2],[12.763858695267382,19.96632375674305,20.72998497642188])
(3,[0,1,2],[-4.444410352391003,-22.03717175527017,-24.929783308551446])
(3,[0,1,2],[-2.0546715209996185,-23.232433654171384,-22.18275153484636])
(3,[0,1,2],[0.914710127486577,-18.61561910134661,-7.406272613491755])
(3,[0,1,2],[14.282589454771157,4.3371364076457946,11.161900694119968])
(3,[0,1,2],[15.178108219154712,13.591288123671251,18.635739301716086])
(3,[0,1,2],[-0.5988325026347707,-32.02077535034801,-33.914127521936265])
(3,[0,1,2],[7.9991158906288655,3.3612983669636427,2.563079054758264])
(3,[0,1,2],[4.642765683332685,-25.811200699030476,-13.824753518218543])
(3,[0,1,2],[-15.25806718860827,-20.419703190545125,-10.6138557516601])
(3,[0,1,2],[-6.804710810772399,-28.009641679018014,-20.44064770610129])
(3,[0,1,2],[-2.9632359509341555,-6.737095756594117,10.255244104471698])
(3,[0,1,2],[-0.053913610802920675,-28.69714610181661,-29.61508060820387])
(3,[0,1,2],[2.249088955071426,-22.54073552888166,-17.18597223190912])
(3,[0,1,2],[0.6238975976329235,-17.788468174811612,-3.52098719600399])
(3,[0,1,2],[14.894895331231313,12.325743810063209,2.2254888336449654])
(3,[0,1,2],[1.6283187240547252,-11.931710297829753,-10.814975949298837])
(3,[0,1,2],[0.8961582042238957,-26.8446865961608,-9.691378280536052])
(3,[0,1,2],[2.4402440952827718,-34.62792056697792,-12.189663025771535])
(3,[0,1,2],[-1.1020877404537364,3.0840725099201247,6.478508639526858])
(3,[0,1,2],[-8.945166806300895,-16.962027847425414,-9.929845232515163])
(3,[0,1,2],[23.913712140461218,44.46101171671743,48.591987851794215])
(3,[0,1,2],[-15.30545578462235,-23.45661236513643,-2.2481555069068015])
(3,[0,1,2],[-7.045911996270772,-27.578503738840187,-25.77116428804974])
(3,[0,1,2],[13.510455402493616,1.4688198794533796,10.169943595292379])
(3,[0,1,2],[-2.265934789605627,-6.34863857946147,14.290925748105124])
(3,[0,1,2],[-0.7075410417690148,-13.65691347470555,-17.685929611838827])
(3,[0,1,2],[-0.15378000160347838,-27.370482831496794,-16.473427806415625])
(3,[0,1,2],[5.8267046767403015,-12.17133764637951,-0.2025032182586336])
(3,[0,1,2],[-13.46239043056119,-19.154045778724285,-14.563257940734237])
(3,[0,1,2],[2.436728349676268,-16.11282240360762,-17.342532304793746])
(3,[0,1,2],[14.427070448579542,9.22730098360829,11.827040335208295])
(3,[0,1,2],[7.774464194624174,-4.169816451599129,-10.69108067931036])
(3,[0,1,2],[16.86894996671223,10.550420145849397,8.754426517791961])
(3,[0,1,2],[1.843656814795159,-25.241747529619623,-23.35710840147057])
(3,[0,1,2],[-7.3828936499305335,-23.445790237533515,-21.59794510353798])
(3,[0,1,2],[13.44318264381266,-5.8086611086555076,-0.012026947554968137])
(3,[0,1,2],[-4.817642432578594,3.0612679441670827,12.957245033277157])
(3,[0,1,2],[3.9904517647994204,-34.28321738038328,-18.244112519582995])
(3,[0,1,2],[0.8372473738653955,-22.52151123270603,-7.346127628334306])
(3,[0,1,2],[4.715499359836042,3.453188530107251,2.364960798061742])
(3,[0,1,2],[1.3713087445763734,-9.406602196336916,-5.524592234179355])
(3,[0,1,2],[22.24714085831089,20.055553748962375,25.427715592728667])
(3,[0,1,2],[-0.1736901270724261,0.8751703180058229,18.369118393214183])
(3,[0,1,2],[-6.766544644961313,-33.03787427097384,-19.267735379367565])
(3,[0,1,2],[-11.717945268248616,-25.701038061336796,-3.4998787423042215])
(3,[0,1,2],[0.9818899448406846,1.0925419853306524,-6.7115546803688755])
(3,[0,1,2],[-17.770906449937993,-24.80721692823331,-32.86486480747413])
(3,[0,1,2],[5.990260001133617,-21.27062179406931,-9.5941473712708])
(3,[0,1,2],[-9.274649169660439,-24.905031823152843,-10.213034503185034])
(3,[0,1,2],[9.84470700414653,-3.647386336219319,4.817606980871235])
(3,[0,1,2],[18.750425125104453,33.05484986506471,23.020430254279454])
(3,[0,1,2],[20.623945288564823,4.228831983790996,12.9823154884311])
(3,[0,1,2],[7.078604955847415,-1.0841395035873689,-12.481854894368517])
(3,[0,1,2],[-2.434192892025794,-20.26340473267892,-18.684694561704436])
(3,[0,1,2],[8.761906175383015,1.7396659986152665,8.85961571487591])
(3,[0,1,2],[-1.6960379823196878,-3.187023609182904,-8.62847016573787])
(3,[0,1,2],[9.224482522675121,-9.470893919874444,8.720616773807546])
(3,[0,1,2],[4.749178462165693,8.277110059433173,4.036418078933129])
(3,[0,1,2],[22.341485667787026,29.363315530492567,31.113308134541256])
(3,[0,1,2],[-14.522636763049698,-24.55381825162943,-9.593003446157097])
(3,[0,1,2],[13.377681674489766,-5.065174992025199,15.294387999207952])
(3,[0,1,2],[8.254830394803866,-16.261265880109544,-12.334938844902183])
(3,[0,1,2],[3.2719732234634695,-15.895258260141803,-14.191923997524633])
(3,[0,1,2],[2.2929774203237603,-14.334737380427917,-19.075756043680244])
(3,[0,1,2],[-9.267031470239461,-26.812110332279715,-17.18915093107533])
(3,[0,1,2],[-5.000308032753457,-2.9462860764796157,-6.707429392269317])
(3,[0,1,2],[-8.667672881292827,-25.01909029345837,-15.108124918030631])
(3,[0,1,2],[1.1573284433298907,-24.431580787821744,-27.023333022597235])
(3,[0,1,2],[1.673170455826271,-16.91569901037403,-13.951971713642923])
(3,[0,1,2],[7.812773208895511,-1.5896777985645931,-0.7089321806153304])
(3,[0,1,2],[-5.256756343593511,-22.945364976258258,-13.930738276741947])
(3,[0,1,2],[12.839617794832966,-12.10954260524729,-4.211549053054822])
(3,[0,1,2],[10.676915578411673,8.17206224461853,8.432892860389465])
(3,[0,1,2],[-5.540336838784303,-17.460768433910292,-0.9808530284926542])
(3,[0,1,2],[-5.72102989471933,-7.074823674636009,-2.410293801516298])
(3,[0,1,2],[-5.419882740070142,-31.072354682285862,-13.728422079117651])
(3,[0,1,2],[-5.269091393935107,11.436725731295915,-6.327662274668127])
(3,[0,1,2],[15.989072005844797,6.4655914928331555,4.054032586820716])
(3,[0,1,2],[6.47172766794503,-27.264967610962145,-13.20631421700827])
(3,[0,1,2],[16.07992779683419,3.7312623676723495,15.768399725445063])
(3,[0,1,2],[-0.5350737343346806,-8.88228365470696,-7.8877960675817365])
(3,[0,1,2],[-9.254403156823823,-22.85826433072078,-5.585655856266586])
(3,[0,1,2],[15.165345938029889,-10.169842607071326,8.976703531011108])
(3,[0,1,2],[1.5379797820303227,-7.480384966728184,0.19210857809451287])
(3,[0,1,2],[0.287316837560255,-8.396504895660675,-1.4132293938974125])
(3,[0,1,2],[4.493527588308933,-12.437147546751941,-12.894688919095275])
(3,[0,1,2],[6.388498259362038,4.0434424710254895,-1.3942087146498598])
(3,[0,1,2],[-10.351812045471867,-13.098174078203916,-9.529764162510636])
(3,[0,1,2],[-2.7445886256014425,-14.366635442249578,1.701243025464535])
(3,[0,1,2],[6.200995035941675,-9.930629420239486,8.838509442955832])
(3,[0,1,2],[-2.5324688227577705,-21.496241748152105,-7.1075498961848105])
(3,[0,1,2],[1.6645748447471462,-19.748313822059522,-14.477292839076943])
(3,[0,1,2],[6.7389049828125085,-16.395146557337128,-5.072940846575285])
(3,[0,1,2],[-0.9610276212151609,-7.607068522144064,-14.77131605734407])
(3,[0,1,2],[1.7133431254610818,-4.77030086368481,-4.152118829264717])
(3,[0,1,2],[-9.782334794674663,-21.61763468310638,-14.916748092099965])
(3,[0,1,2],[-0.6363114038337834,-17.87076556099641,-7.242211031019959])
(3,[0,1,2],[-6.1429313450825,-19.732018409694035,-3.5433049123073745])
(3,[0,1,2],[3.267272532210196,-21.413558371453767,2.3728283759413022])
(3,[0,1,2],[8.309689582130856,19.83672272994655,16.63458413514565])
(3,[0,1,2],[9.520195937308335,-16.115520442541534,-1.282007085643893])
(3,[0,1,2],[7.916000033741504,-4.994641679793488,-0.8328056089117983])
(3,[0,1,2],[-5.660605698011605,0.45624127500756245,1.1024482608382087])
(3,[0,1,2],[21.459299450510045,-0.8966942922785746,7.814067409165277])
(3,[0,1,2],[13.275682943094814,1.4986576417796966,4.844022704995144])
(3,[0,1,2],[-8.392008719718923,-22.690752739846186,-10.634923612052106])
(3,[0,1,2],[-5.312408540925299,-27.929391135368437,-23.942088165704337])
(3,[0,1,2],[-1.9624707338990228,-13.558055879451894,-8.675188374664435])
(3,[0,1,2],[0.07434897065042514,-28.71736191562668,-15.871049715352871])
(3,[0,1,2],[-0.150903748463327,-14.824433120411129,-15.863013914118735])
(3,[0,1,2],[21.91575914361323,36.309338467855355,25.249659771633805])
(3,[0,1,2],[16.442724045853108,-1.724489953387262,4.566551564192945])
(3,[0,1,2],[6.373923170435449,-7.154685660543183,5.8576853708910805])
(3,[0,1,2],[5.412656095291338,-10.640269991500363,-9.660311062051987])
(3,[0,1,2],[5.2608027152563395,-28.163141889701052,-16.329589636520097])
(3,[0,1,2],[-5.235376953466798,-10.660098331460343,-11.05734034778623])
(3,[0,1,2],[26.18144583346045,35.64742440611537,44.25951966514373])
(3,[0,1,2],[5.6043739548346165,-21.468862895497168,3.671254062990946])
(3,[0,1,2],[-2.060502778515322,-35.971805595701504,-31.688602983352336])
(3,[0,1,2],[-2.822850670903864,-19.115558831304707,-18.740685348958195])
(3,[0,1,2],[-16.059155289693475,-27.682053551451478,-4.255500755179469])
(3,[0,1,2],[18.812481680868572,-2.442997844953031,12.712228543521455])
(3,[0,1,2],[-11.20889650584152,-33.03080686516636,-24.386764430075335])
(3,[0,1,2],[12.157045311255203,-6.858366368355745,9.032066901552053])
(3,[0,1,2],[-3.6069544214350757,-27.79739268804891,-18.257596053154693])
(3,[0,1,2],[1.8495292103000553,-13.022265353493745,-21.985245232029598])
(3,[0,1,2],[-4.049833261078127,-13.962586836043121,1.479120707589995])
(3,[0,1,2],[-3.8675927260057867,-18.53464301699828,3.3112058319470226])
(3,[0,1,2],[4.802475960118528,-17.188045693004714,-7.920177468145038])
(3,[0,1,2],[19.0998472339374,5.544603601137247,7.6520609793264445])
(3,[0,1,2],[-11.244614112163974,-28.980585855660223,-15.726516124598897])
(3,[0,1,2],[12.051028012413415,3.192832547724376,-4.05159592370659])
(3,[0,1,2],[7.080935124125566,-18.02314126376593,-12.133878736571909])
(3,[0,1,2],[-8.081502430076787,-20.693883664315344,-11.999369232081824])
(3,[0,1,2],[1.4135698108585772,-25.538971217137604,-3.5657818370925716])
(3,[0,1,2],[17.88200985359806,-0.5333655356428364,19.143110953088282])
(3,[0,1,2],[16.253836016983858,7.578954317494194,11.994365916647197])
(3,[0,1,2],[6.749489821986529,5.5507661356291695,3.4691459974257093])
(3,[0,1,2],[-11.541605941641564,-28.562667822987542,-7.020768674413407])
(3,[0,1,2],[17.9618219207349,11.811849600084651,20.18003214831935])
(3,[0,1,2],[-7.594879914514558,-21.895376030929096,-3.685505370957367])
(3,[0,1,2],[-2.965589840596774,-20.799530518660493,-10.625334188266141])
(3,[0,1,2],[-8.829322308589912,-15.290200097272187,-18.580845467529738])
(3,[0,1,2],[27.34739194626199,2.646523535684924,17.355102134897493])
(3,[0,1,2],[4.49109313686163,-8.848410169022086,-9.160751441950733])
(3,[0,1,2],[9.500769145485322,10.038586845415322,7.97958311390485])
(3,[0,1,2],[17.33022596071794,8.819704976648312,4.054963749355821])
(3,[0,1,2],[-5.680208677117752,-33.084702470474944,-19.112905087424487])
(3,[0,1,2],[-4.6968228024329735,-43.21723218513241,-43.94109811703062])
(3,[0,1,2],[-4.505310649969296,-21.586293254354022,-35.20513826378537])
(3,[0,1,2],[7.817224572051376,-26.01442425758391,-17.08919473052432])
(3,[0,1,2],[-1.869020321213692,-4.093965803245652,-5.192915577832165])
(3,[0,1,2],[8.923725327003774,-24.209658321674006,4.81111240431936])
(3,[0,1,2],[16.510651048754298,10.319053400546725,16.81907107683545])
(3,[0,1,2],[16.71786532891221,9.427196555887164,2.3258382187295927])
(3,[0,1,2],[1.112648953653726,-11.87229720097239,1.4581114731613987])
(3,[0,1,2],[8.554973576171825,-20.30328599885562,-0.1379755344541535])
(3,[0,1,2],[0.21731621389386074,-9.437861054190877,-8.687869756895003])
(3,[0,1,2],[16.362699301891702,20.74094685337628,14.090448809511845])
(3,[0,1,2],[0.7951816908629545,16.795212427226833,-1.1917220215397066])
(3,[0,1,2],[2.1599997110236817,-19.93986610963004,-16.800776008632624])
(3,[0,1,2],[1.9936954059778604,-11.650881633111974,8.85262999000404])
(3,[0,1,2],[3.556116828388763,-2.3732232990684827,4.225296605813148])
(3,[0,1,2],[-1.3251873466131943,-23.74253739307874,-20.364274101493486])
(3,[0,1,2],[-6.387389417483882,-31.046285884765553,-23.811964192015107])
(3,[0,1,2],[-8.931891659196548,-35.49014264797872,-14.80833319546965])
(3,[0,1,2],[2.9885680345518266,-6.623694732819711,5.925524660241771])
(3,[0,1,2],[-3.9104851822613305,-28.71195395690645,-8.528461017807505])
(3,[0,1,2],[-2.250316214400209,-21.609381168636077,-11.00771242544672])
(3,[0,1,2],[3.74579489494976,-21.68566780596182,-7.731149395056997])
(3,[0,1,2],[21.228365510212157,19.253339864220752,21.185714651213033])
(3,[0,1,2],[18.200162963245347,33.49903323389731,27.58187567491163])
(3,[0,1,2],[0.8518546646698726,-16.200206147961335,4.520911177638852])
(3,[0,1,2],[5.248187130667064,-7.719415671983355,-7.520594550201896])
(3,[0,1,2],[23.88894267304179,13.595238976485874,23.344485587039973])
(3,[0,1,2],[0.5823221762852209,-9.618262518535737,-7.287142898090126])
(3,[0,1,2],[6.711650698856372,-12.990411919412725,-10.680372006812302])
(3,[0,1,2],[6.279188679340949,-21.516952406473315,-9.08307107921464])
(3,[0,1,2],[-0.10814439775014617,-29.307606890850412,-6.793057751591414])
(3,[0,1,2],[-10.746001046233788,-33.28503134182633,-27.662804829909703])
(3,[0,1,2],[14.965459028777127,8.045082408040859,17.260386451106307])
(3,[0,1,2],[17.257048899945275,17.410757253749075,15.833218596216518])
(3,[0,1,2],[-0.8108016202228164,-6.096173841647183,-6.559257770994696])
(3,[0,1,2],[-7.393952988901618,-29.864528043953023,-11.63953702644248])
(3,[0,1,2],[-1.899412999630711,-14.587160225988823,2.3358476793570913])
(3,[0,1,2],[7.637298011867133,-19.08928568586385,-20.66494963588395])
(3,[0,1,2],[-7.481960910017687,-29.939233469307805,-12.26139455819072])
(3,[0,1,2],[0.41522332392139116,-20.16459946967965,4.431350325150407])
(3,[0,1,2],[-0.8216701711258223,-17.605433747176615,-14.278002397753218])
(3,[0,1,2],[-6.733230903051932,-19.54081205306,-7.870429597567256])
(3,[0,1,2],[6.316206200327652,-28.96010719902367,-19.037240427568136])
(3,[0,1,2],[-5.99908228596755,-26.63502003072016,-12.837106741184027])
(3,[0,1,2],[-0.47867559001267257,-4.033940906094183,7.922876048106273])
(3,[0,1,2],[14.123065021756622,20.413744397273533,21.79867189129042])
(3,[0,1,2],[11.905352960276137,1.0222712774511082,12.167194962229537])
(3,[0,1,2],[-1.930468986476374,-9.17378857448548,-10.677296378060921])
(3,[0,1,2],[-0.21266676744559743,-29.113960077099303,-11.6795355619561])
(3,[0,1,2],[5.500403323500131,1.8295457878831987,-3.580477218598653])
(3,[0,1,2],[17.602493200692876,13.8022677022056,22.523513501963865])
(3,[0,1,2],[-1.7220769511403662,-16.256443262967274,4.626216786763736])
(3,[0,1,2],[0.5328132187334157,-22.443135822165974,-6.957996218380018])
(3,[0,1,2],[6.2273474668008815,-21.980135885533343,-15.081166478146683])
(3,[0,1,2],[7.1206661142749725,-2.023275089980628,-0.2027352171658432])
(3,[0,1,2],[-6.88299419670831,-30.98824446385449,-15.118700330374592])
(3,[0,1,2],[-10.078313801206686,-28.629027899326243,-13.837990797191836])
(3,[0,1,2],[-9.465651427348302,-13.331609454008332,-5.40779987707431])
(3,[0,1,2],[5.517063225367446,-13.389039894104032,-12.21938315118536])
(3,[0,1,2],[19.90778767591495,5.182591494325525,19.636954756002265])
(3,[0,1,2],[-7.08686912875131,-12.025962933149534,-14.670380379464776])
(3,[0,1,2],[10.24260379493049,5.664113342342895,11.465612504330657])
(3,[0,1,2],[-6.551338609486587,-18.06826527586989,-5.678870998191886])
(3,[0,1,2],[11.809085217654056,10.060263859747145,2.770832321544161])
(3,[0,1,2],[-0.6585456847832327,-18.59073879043493,-3.729345719078158])
(3,[0,1,2],[7.0139489746591295,-17.294774283240393,-17.320803258815697])
(3,[0,1,2],[-0.816556340992935,-18.757294879842032,-4.559859738336189])
(3,[0,1,2],[2.920405078207009,-19.561896306052798,2.822674103322008])
(3,[0,1,2],[-1.9235774627950764,-22.17776175994094,-3.7842061873023707])
(3,[0,1,2],[-9.413357936476222,-22.501164452769903,-24.294574858455107])
(3,[0,1,2],[-0.6299106132515289,-27.06541172018424,-22.583767228147877])
(3,[0,1,2],[-6.0616722253360775,-19.815844967349904,-1.7669297367726324])
(3,[0,1,2],[-5.702002175288761,-25.9198755181855,-17.491245766534])
(3,[0,1,2],[-6.280417232739525,-23.252037905745027,-9.269761350935646])
(3,[0,1,2],[24.550799250785424,17.095018378031806,26.333492950032973])
(3,[0,1,2],[1.3010740119415811,-19.853762868016563,-11.841084543170082])
(3,[0,1,2],[5.403474421650921,6.643223849636704,21.438589120676873])
(3,[0,1,2],[20.07017956752824,12.064772465812839,17.614367317030435])
(3,[0,1,2],[16.405567450136793,4.658164595680096,13.945366541191525])
(3,[0,1,2],[15.478747686766056,-19.64055549512109,-14.676146267671681])
(3,[0,1,2],[6.699362445934074,-5.810001322982764,-1.24535026830795])
(3,[0,1,2],[-0.4256215408802505,-29.78768764403378,-22.12533032451082])
(3,[0,1,2],[8.03792755212288,-0.5736838394792961,17.806453738014085])
(3,[0,1,2],[-4.409280944284106,-18.41671816862838,-15.85177499333492])
(3,[0,1,2],[12.328387677095884,-4.573692711718506,-6.23537126644538])
(3,[0,1,2],[16.337609848814594,26.371811396569377,29.90529396781872])
(3,[0,1,2],[-7.114645956895141,-18.21636418520042,-15.657696823331245])
(3,[0,1,2],[-7.082874064059012,-28.615110734890273,-18.78143371488371])
(3,[0,1,2],[14.489561857120645,30.65433364851922,29.576336390021197])
(3,[0,1,2],[10.873513060425022,-1.9898567515030148,-4.455318520504249])
(3,[0,1,2],[5.659448271980155,-31.26503206208659,-19.669083763278554])
(3,[0,1,2],[-1.7338772123106652,-23.270212028774107,-20.52180424587898])
(3,[0,1,2],[-12.651611950041755,-7.830476613784718,-5.424190753988587])
(3,[0,1,2],[6.802103928385721,-7.59559845773306,-2.096699837161904])
(3,[0,1,2],[0.20791879745304145,-17.189172031624373,-9.864628405051707])
(3,[0,1,2],[18.116389187927815,24.316506880733776,22.288886164188156])
(3,[0,1,2],[11.867561095028002,-9.38078302878783,5.908676444300038])
(3,[0,1,2],[12.190960838359413,-6.3536826880138815,2.3681679045569917])
(3,[0,1,2],[-6.3216424367474255,-22.537340348205433,-11.14640983397922])
