(3,[0,1,2],[-12.495972167895067,-13.348287656025098,-7.609488849361423])
(3,[0,1,2],[17.04628338264012,12.581607322839094,21.469712869528056])
(3,[0,1,2],[-2.5973275522085713,2.1458391109819814,6.073490484693483])
(3,[0,1,2],[4.129280893757377,1.6100344549845715,-0.14207184897189928])
(3,[0,1,2],[4.588719378274714,-4.890163716713755,-0.9429570238679155])
(3,[0,1,2],[-0.48338282339886934,-1.7705950446291046,-6.665982000489475])
(3,[0,1,2],[13.316746188569681,7.823199496602176,27.433138895276446])
(3,[0,1,2],[1.1943515895861851,10.84293943520758,6.987912928993564])
(3,[0,1,2],[2.579015208801962,4.740267333589529,-1.9874743500982874])
(3,[0,1,2],[2.097659776269601,11.049450748974623,10.044855487636378])
(3,[0,1,2],[26.42742932140262,20.28406441685845,33.44032452750898])
(3,[0,1,2],[3.5735015521775475,-1.1350608482532352,-7.104173275030877])
(3,[0,1,2],[-12.49471544549185,-10.791070252659436,-9.530652281421215])
(3,[0,1,2],[-14.97653644397616,-10.3973722108314,-11.812312542106117])
(3,[0,1,2],[-1.6868266672767256,6.072121848339384,-2.162806009769611])
(3,[0,1,2],[4.521906231994876,12.457239328895952,0.376378157166277])
(3,[0,1,2],[1.5423279799850642,-3.921661637249796,1.311467730270254])
(3,[0,1,2],[-10.556811077677988,-5.202833781246399,-18.027474251186387])
(3,[0,1,2],[-1.4610275682572464,0.7410912477856924,-8.056943410904003])
(3,[0,1,2],[-1.1153543467137155,2.4816645590164574,-4.9972087423964044])
(3,[0,1,2],[-7.2742156983739354,-3.984912853139442,-5.6282701518988505])
(3,[0,1,2],[3.348590111287053,6.2207772961505885,4.911774263569013])
(3,[0,1,2],[-6.2230997493378775,-3.9673473593240156,-2.436800759109755])
(3,[0,1,2],[-9.693383181115532,-5.283277337820754,-5.446229831991542])
(3,[0,1,2],[-14.305344092439153,-11.289105530568698,-8.61400928712141])
(3,[0,1,2],[-13.600918526323413,-3.240569438997002,-24.980830923361676])
(3,[0,1,2],[-3.9813360884361835,-4.390689885285153,4.756853156444961])
(3,[0,1,2],[5.315747683582666,4.705652969055243,7.906252135667731])
(3,[0,1,2],[-2.517262146666967,-0.8812989894855597,-6.304977136124704])
(3,[0,1,2],[-8.100689051690287,1.4578283164503243,-7.401143215708377])
(3,[0,1,2],[-12.484289115804394,-9.793031049988107,-10.56997924135483])
(3,[0,1,2],[-7.8632980623238335,-8.39120440220979,-2.62923687767094])
(3,[0,1,2],[-1.598295126381744,1.6900811311200719,-0.6005742021641982])
(3,[0,1,2],[0.288929130365542,3.762921535444516,1.4989723506326649])
(3,[0,1,2],[-11.13079739530994,-9.395046834659652,-6.269822630075845])
(3,[0,1,2],[16.030844218861468,12.231831366613562,21.93537997300835])
(3,[0,1,2],[-1.787584100469666,-2.569509740546842,0.49055527870810384])
(3,[0,1,2],[21.01010393340401,17.253919502817144,27.193728041206395])
(3,[0,1,2],[-8.510076203401438,-6.03187980001393,-3.5241834327132056])
(3,[0,1,2],[-6.146208891287941,-7.738838181911814,0.36568267662470844])
(3,[0,1,2],[6.414617692393349,5.054930983215444,19.148370860274607])
(3,[0,1,2],[-1.4674856989987604,1.4193564015639526,4.32445464713498])
(3,[0,1,2],[-12.45644520488103,-6.585081222482955,-14.918874244660442])
(3,[0,1,2],[-8.325283114981215,-5.376390812333975,-4.630684911965392])
(3,[0,1,2],[-12.916788817668747,-4.021966751395158,-17.576225615335886])
(3,[0,1,2],[-20.924884999375127,-11.659818152917868,-17.91352379253816])
(3,[0,1,2],[-14.12344364666621,-7.176003017193618,-14.1051359672703])
(3,[0,1,2],[-9.78781010579311,-2.502265773083723,-2.7814884165386786])
(3,[0,1,2],[-14.393285116617587,-4.7979243352441365,-14.438444176552425])
(3,[0,1,2],[-0.7779457237541374,1.7061413362498774,-1.117977731510196])
(3,[0,1,2],[-8.331554614943965,-4.7343688332784,-10.521715898955057])
(3,[0,1,2],[0.578008707273456,3.252658247945838,7.863352709772094])
(3,[0,1,2],[1.2960416716161827,2.178471589873885,-1.9950154808379952])
(3,[0,1,2],[0.6403593794631846,5.427036312271895,-3.032167122177791])
(3,[0,1,2],[10.427752647304734,7.847942390868327,14.70076681763712])
(3,[0,1,2],[3.1620904014541074,9.429649523337742,5.233441283417665])
(3,[0,1,2],[-10.525985534910907,-3.75290220084628,-17.05109922304257])
(3,[0,1,2],[6.780882197246008,11.506453092427252,14.834491462624822])
(3,[0,1,2],[-6.090952114283916,-5.010197691260521,-13.778014505781854])
(3,[0,1,2],[-0.8012520549390885,-2.4301794526991545,-8.378658989142146])
(3,[0,1,2],[-8.762718586511834,-10.05161896805094,-3.7988029131820498])
(3,[0,1,2],[4.419504350758867,7.591053415872464,14.249793141734814])
(3,[0,1,2],[4.0955782799996125,4.148392552867335,3.9911191521949982])
(3,[0,1,2],[-7.705788692676546,-6.232144902810661,-12.345995320486809])
(3,[0,1,2],[3.8250010527509155,8.604354074108503,11.588957878942068])
(3,[0,1,2],[0.8103972453358441,1.481006499370983,9.981471065761088])
(3,[0,1,2],[0.4217907201415899,2.434002456851867,7.176320425895442])
(3,[0,1,2],[-17.542899836194028,-8.018412252090968,-23.05467038729174])
(3,[0,1,2],[-0.7556206143256449,-3.4061458421044373,-9.325867418163508])
(3,[0,1,2],[-11.721388681977055,-4.832482760813185,-17.590566574157062])
(3,[0,1,2],[-10.27837734502778,-5.022093042828936,-15.04418010894553])
(3,[0,1,2],[-23.092142591588107,-9.455546234760208,-25.071459664354382])
(3,[0,1,2],[2.6933651023127534,0.8600673923162581,2.3996813452714636])
(3,[0,1,2],[-8.142656416199168,-5.432266734047607,-5.087189096153198])
(3,[0,1,2],[4.6889451583861295,4.860179145756077,6.037639883796175])
(3,[0,1,2],[-8.354480879071048,-3.1622198651933235,-3.8736833915370776])
(3,[0,1,2],[-7.663264275519611,-8.26192879219747,-2.2262982110773266])
(3,[0,1,2],[-1.867215561442331,-3.2931150288869637,-7.780000218561001])
(3,[0,1,2],[-2.3543378169307956,1.1551051975465625,-6.234126008005345])
(3,[0,1,2],[-1.5260765209372502,4.253954324128124,5.727484427978615])
(3,[0,1,2],[-11.537806715615275,-6.733712910310484,-8.711606749003403])
(3,[0,1,2],[-6.812492506383693,-9.022989775146538,-2.9150196828391794])
(3,[0,1,2],[0.3029770177644595,-2.676285980002361,3.0186204309070335])
(3,[0,1,2],[-11.996691146784775,-4.109332847516742,-19.888926537786578])
(3,[0,1,2],[-1.9531111463881474,-0.28575321484980964,-7.355957879269395])
(3,[0,1,2],[-2.2973131885487676,1.2107659351709712,0.786106333004255])
(3,[0,1,2],[-11.484390212613633,-5.675777671914957,-15.535653790759513])
(3,[0,1,2],[-4.86956089623008,-2.5818043526222487,-10.970827001891383])
(3,[0,1,2],[-7.317648050441211,-2.4964328051340283,-10.836850669290984])
(3,[0,1,2],[-2.135616261572724,0.41661157248433867,-5.277696955179579])
(3,[0,1,2],[6.53032692613015,1.234107435126464,6.352842889724574])
(3,[0,1,2],[-4.511277913632459,-7.195275748374836,1.2852285262061192])
(3,[0,1,2],[-16.889237936485216,-15.716649447282293,-24.378369045703774])
(3,[0,1,2],[3.621523028696994,6.17683738843103,13.710141407622805])
(3,[0,1,2],[-16.209032302456038,-6.769438659518624,-23.538055483532062])
(3,[0,1,2],[19.512587117634173,13.511324995475938,28.063965441030312])
(3,[0,1,2],[-1.4298094579117664,-0.7515199827790856,-6.515879076995295])
(3,[0,1,2],[9.589884533678855,8.777677282456192,17.020882225938365])
(3,[0,1,2],[-2.7259956892525983,-1.8136739102216342,-8.795830944812476])
(3,[0,1,2],[-0.5933504635552622,0.9693573768658604,-0.42075270790113206])
(3,[0,1,2],[-13.528536032039176,-8.972956578356456,-9.765599935656498])
(3,[0,1,2],[-1.8730334180525425,0.24696114318716883,-0.8512565416204494])
(3,[0,1,2],[-11.370809632067893,-2.3218896986001147,-23.72601403127828])
(3,[0,1,2],[-0.7833425134978347,-3.581642448416058,-0.11160590355529021])
(3,[0,1,2],[-9.01160936202654,-6.597185668396536,-9.490052348804918])
(3,[0,1,2],[-10.386745476532864,-3.743189229612799,-18.422686145511015])
(3,[0,1,2],[9.284325732408956,13.29112366471987,9.552092862172948])
(3,[0,1,2],[-6.827927261677415,-3.17361543538273,-11.979234912550707])
(3,[0,1,2],[-12.069272543658306,-11.178040662365913,-5.7250484060814095])
(3,[0,1,2],[-5.9288596015154456,-0.970254967088138,0.7297395542614799])
(3,[0,1,2],[-11.748168976278144,-7.588945750134397,-8.88773691046807])
(3,[0,1,2],[-8.740033307473434,-5.823552555061012,-2.2699169812233855])
(3,[0,1,2],[6.422043653127635,5.57255945919292,8.647294077671557])
(3,[0,1,2],[-7.054280961973573,0.0844456095189415,-4.0675308508054435])
(3,[0,1,2],[-0.13001010859582215,-2.2241089520154387,-4.932828778748837])
(3,[0,1,2],[-8.125452432348569,-12.748236271136031,-5.178093855230252])
(3,[0,1,2],[-4.747992968851023,-9.950746708844047,-11.584961666389276])
(3,[0,1,2],[-11.026354101184822,-6.269093699332168,-11.154215622088861])
(3,[0,1,2],[7.639875653863979,6.551265536923467,13.106886501127319])
(3,[0,1,2],[22.136326375235274,17.189591001953833,32.58604296277354])
(3,[0,1,2],[1.3742391396906375,4.51715936317332,4.562916694852858])
(3,[0,1,2],[-16.28596826631155,-7.952137003705405,-14.933400435690237])
(3,[0,1,2],[-7.890628977481239,-0.928758264689353,-7.053941927654764])
(3,[0,1,2],[-8.701881555608448,0.7943070345683783,-3.3752520460539106])
(3,[0,1,2],[-8.0144756738978,-1.692410469126359,-8.752192757239012])
(3,[0,1,2],[-0.44236222890121096,-4.057747809712131,2.4638848695112374])
(3,[0,1,2],[8.037953932512536,7.99211100594747,4.4685471851901735])
(3,[0,1,2],[-10.182589019407226,-5.787521989566084,-14.552793634005502])
(3,[0,1,2],[-12.19945923165417,-6.1641217163124375,-9.4661758957757])
(3,[0,1,2],[-10.286252868554243,-5.896910510428989,-7.864273816955852])
(3,[0,1,2],[-12.71147798588867,-8.916960506435958,-11.456586598696454])
(3,[0,1,2],[-5.773485880427856,-2.611412470385696,1.068942961532429])
(3,[0,1,2],[22.53569335702816,16.195437320839755,29.887131000522373])
(3,[0,1,2],[-16.065042036591716,-14.294110461361669,-9.008157142583908])
(3,[0,1,2],[-0.4490039196345526,-0.7965542783724935,2.278659224208903])
(3,[0,1,2],[-13.451253368023377,-10.122014494094822,-8.342107921989896])
(3,[0,1,2],[-2.5735047827960025,4.581274174813814,-4.73490677492851])
(3,[0,1,2],[-19.885925172902155,-20.83421996513509,-28.384693833350028])
(3,[0,1,2],[-12.708840392028604,-5.3707136107921825,-10.651775317874616])
(3,[0,1,2],[-4.998345522045718,-1.407036508974734,-1.8022259386974397])
(3,[0,1,2],[-10.009092520967261,-8.273393919462444,-17.22670084968802])
(3,[0,1,2],[-6.80197647723775,-4.706345189439047,-4.639026126087889])
(3,[0,1,2],[11.859298392692667,11.80597472696451,25.109258021357093])
(3,[0,1,2],[6.018521462047815,7.600678312236083,6.400378146446107])
(3,[0,1,2],[-0.8589674446910562,2.5340029030274396,0.15536328821720224])
(3,[0,1,2],[3.9973861785500167,-0.4997091135169992,12.966676767447712])
(3,[0,1,2],[3.10199764697112,4.276602620186304,8.049117853013707])
(3,[0,1,2],[10.355371868583077,7.1669979454563135,8.131578531453133])
(3,[0,1,2],[2.277909715923582,2.669134728756656,5.365536745178734])
(3,[0,1,2],[-11.556957981927253,-1.1048296972860954,-10.482617181686248])
(3,[0,1,2],[-5.13668910300385,-7.250790901655146,-12.532565774849832])
(3,[0,1,2],[-6.663076724708513,-4.349034985349006,-7.138521143727957])
(3,[0,1,2],[-13.82532099698006,-13.479364720662101,-9.534716015059463])
(3,[0,1,2],[-5.960021742371634,-0.03188656208438642,-7.128934656256024])
(3,[0,1,2],[11.175933524822915,8.998584091885903,15.882044007560285])
(3,[0,1,2],[12.199365950208556,10.707223342881417,16.268584308146174])
(3,[0,1,2],[-5.260089205768719,-0.2655278415365319,-1.4914592612840456])
(3,[0,1,2],[12.03212352263484,14.74964091343927,23.59251642488679])
(3,[0,1,2],[-13.819530562771922,-3.923819769139824,-21.956036342163973])
(3,[0,1,2],[7.031593158682893,5.12608404263998,7.798874448615871])
(3,[0,1,2],[-21.12732942876502,-11.708749759327853,-20.293013780265362])
(3,[0,1,2],[5.785380831005911,7.1910776183547345,16.067961113893332])
(3,[0,1,2],[-10.744740763238342,-5.579965070951194,-11.757739774092883])
(3,[0,1,2],[-17.23313337301756,-8.145017681280624,-13.979254701675295])
(3,[0,1,2],[-1.3071400069292913,4.590349873245428,4.629803318089744])
(3,[0,1,2],[14.45825657528825,12.182244779878738,19.027059077118324])
(3,[0,1,2],[-17.788782439244457,-10.150045434152016,-12.567120204670083])
(3,[0,1,2],[-13.251851791596275,-6.718638093282986,-14.322174249119058])
(3,[0,1,2],[3.0910251220952385,2.6482988134410204,3.759583959586192])
(3,[0,1,2],[-1.6555797731913984,-0.5430227687387696,-8.378605982385])
(3,[0,1,2],[7.872073696641181,9.180602858147543,16.377631195423753])
(3,[0,1,2],[-11.747222034727056,-10.626595539908616,-6.261200211643171])
(3,[0,1,2],[2.0162592641212087,4.304948504427883,5.138226560623143])
(3,[0,1,2],[-8.215412707340214,3.378483196973147,-6.595164629005007])
(3,[0,1,2],[-11.690172443041888,-8.505060332435967,-7.511624201674202])
(3,[0,1,2],[2.6399630557227085,2.1476794127860077,4.061897208857525])
(3,[0,1,2],[-8.175221345256844,-3.051905793786696,-14.364657713073113])
(3,[0,1,2],[-5.751181156823423,-2.1903816297131296,-0.5026983446160538])
(3,[0,1,2],[9.180812509338026,9.631180484055653,11.289269577124813])
(3,[0,1,2],[-15.59652899218417,-10.711733105176645,-12.013063924546419])
(3,[0,1,2],[-10.39419856499856,-8.685749848197354,-7.882544700736016])
(3,[0,1,2],[-24.332808716664232,-11.736510457018912,-28.8609445252498])
(3,[0,1,2],[25.292629730593806,18.666643037354376,33.90154646964777])
(3,[0,1,2],[-2.847168069323633,6.466544666016721,3.1075816292796596])
(3,[0,1,2],[-11.139138923931169,-6.169540905793955,-14.536631588169318])
(3,[0,1,2],[-2.045657491901766,5.904467574141749,5.1210357959007275])
(3,[0,1,2],[6.954862895450371,6.093398390960098,10.297048401404783])
(3,[0,1,2],[-14.678110795778235,-8.25275358311394,-14.183864051689067])
(3,[0,1,2],[-2.7541012378474776,-0.9466413579655089,-0.7048634145978921])
(3,[0,1,2],[-13.458531361109737,-4.852991422421564,-17.818786317436636])
(3,[0,1,2],[1.7617778820765793,3.442974320203173,11.214541962995778])
(3,[0,1,2],[3.235211165188886,3.3086184823340585,7.700779421034211])
(3,[0,1,2],[-4.3184824737254734,-1.9216246871328664,-11.772040491413847])
(3,[0,1,2],[-4.814523684115265,-1.319773693360248,-1.8898616028103368])
(3,[0,1,2],[10.903063694457993,6.966251567051228,7.883455823285299])
(3,[0,1,2],[-17.043325024097328,-14.409500515321167,-27.59722395780215])
(3,[0,1,2],[2.5636391665157743,7.728344682211761,8.469596333004857])
(3,[0,1,2],[1.3938797319684606,3.7167415879986136,-4.4519002988467475])
(3,[0,1,2],[-1.8452463003997683,-0.8793006792355353,-1.6851556777043393])
(3,[0,1,2],[-6.144256267758012,-8.437213794478598,-15.583575647147182])
(3,[0,1,2],[1.506734812916894,5.316550543417228,-5.090320830048593])
(3,[0,1,2],[-9.00803396375378,-12.117009226278013,-16.64666018176912])
(3,[0,1,2],[-6.7011980935896664,0.8679110089479317,-0.8225995930788881])
(3,[0,1,2],[-25.124808843433232,-8.936380628993106,-33.96687488070717])
(3,[0,1,2],[-17.2205431673282,-7.599530432437315,-22.846271685608933])
(3,[0,1,2],[-1.3289538844951112,-2.718457135984039,0.32557377621088035])
(3,[0,1,2],[-6.096204308421078,-5.4394590168143395,-4.080626580485652])
(3,[0,1,2],[-10.81495891151955,-3.3009280415918094,-13.529874659699834])
(3,[0,1,2],[-0.4329354780730067,-1.939960186210007,0.8897033386359308])
(3,[0,1,2],[-1.43086635057456,1.1939444688780785,-2.628500911890643])
(3,[0,1,2],[-10.683363642705773,-4.823711569221352,-13.834255043788119])
(3,[0,1,2],[-5.701679974241777,-1.774032138273613,0.7999367271370111])
(3,[0,1,2],[-7.687951759780278,-5.3323595647228315,-10.03561799052466])
(3,[0,1,2],[-8.209620786096739,-7.708345772274838,-16.634435965614937])
(3,[0,1,2],[8.386417133427669,6.271329565040718,2.990121699373521])
(3,[0,1,2],[4.592346235287565,5.252832019814125,6.936947114387591])
(3,[0,1,2],[14.389839147254317,10.409151395525875,21.17265933216605])
(3,[0,1,2],[5.175959553949091,9.413434909761648,12.937417523074682])
(3,[0,1,2],[-13.956078554414175,-6.3019079920198395,-13.089242563693034])
(3,[0,1,2],[-5.2402754634826065,-1.2571049359371569,0.9017180254980601])
(3,[0,1,2],[18.97952508830061,15.14936052061613,26.649273700463343])
(3,[0,1,2],[-9.92907105379158,-10.161600279360322,-4.598674982133922])
(3,[0,1,2],[16.207717303048028,13.320993921896545,20.331952358028442])
(3,[0,1,2],[11.006220535574077,7.58301520009169,9.70928381271795])
(3,[0,1,2],[0.4245064425560098,7.26839808894004,-0.7766889159200094])
(3,[0,1,2],[-17.22380847432494,-10.297371919376554,-12.612777550473075])
(3,[0,1,2],[-1.3664654105922152,0.08154420512320262,-3.348704539829797])
(3,[0,1,2],[2.5800091213196445,5.408816121796209,1.344486026567016])
(3,[0,1,2],[-15.536698658951424,-6.339223148457289,-24.84796334346488])
(3,[0,1,2],[5.600626480666076,7.170538150211279,12.630144605076486])
(3,[0,1,2],[-1.71206937248319,-6.887756799259961,1.74540784804283])
(3,[0,1,2],[1.8185506640019418,0.02239747514733681,8.945617183151832])
(3,[0,1,2],[-2.8921827409229555,-3.346113141981012,3.7395077473697995])
(3,[0,1,2],[13.83139472556205,11.763116411675329,18.75967926876479])
(3,[0,1,2],[-14.247903691799753,-6.60060776130123,-18.753886525861702])
(3,[0,1,2],[-14.944402210469075,-9.941849401176613,-15.977268686731456])
(3,[0,1,2],[-10.423504751167467,-8.045670598166014,-15.129849235248765])
(3,[0,1,2],[-0.6551151684374595,-0.3612921483484055,0.7440834525677784])
(3,[0,1,2],[-14.381996070701023,-7.3124649097015775,-14.871140880328964])
(3,[0,1,2],[-4.453621029703082,0.1518299973680649,-5.341692400238426])
(3,[0,1,2],[-16.49705423303496,-14.871397334712618,-9.998426683389612])
(3,[0,1,2],[-7.84405992494379,-1.2773029186016074,-4.7068454815016])
(3,[0,1,2],[5.710866659882581,9.590610978291705,14.859430217443208])
(3,[0,1,2],[-14.284642723912814,-7.216586173520299,-11.430324880511225])
(3,[0,1,2],[-3.266563326134103,-2.2871995753928056,-10.29939505726397])
(3,[0,1,2],[11.260566369455859,9.516707458314144,14.669773668515596])
(3,[0,1,2],[-0.014126994203183557,0.8434880592756654,9.31955017668711])
(3,[0,1,2],[0.30994055622010974,2.1570387206028414,2.0760210211489465])
(3,[0,1,2],[-5.829159039400582,-3.581967727662311,-0.2070574910090588])
(3,[0,1,2],[-13.222952134160606,-13.848216072267022,-6.376442333798206])
(3,[0,1,2],[-9.039578124866424,-2.564246379372407,-16.335162808015173])
(3,[0,1,2],[-2.7453752263165714,-1.8405868731670525,-0.31867531002133875])
(3,[0,1,2],[2.884675287998602,4.3658309188225335,2.8224071042927825])
(3,[0,1,2],[-10.839083428974584,-5.760675256580633,-13.031872062349585])
(3,[0,1,2],[-16.04544424324392,-13.80719482700956,-9.533216146963671])
(3,[0,1,2],[21.29129688075309,17.22332991886511,27.19687062084673])
(3,[0,1,2],[-21.730747849348823,-9.431577410929844,-28.283963804602624])
(3,[0,1,2],[-2.965106260393146,-3.302140280332544,-0.3343800192513368])
(3,[0,1,2],[5.112426971368609,6.886801000498671,12.750986463022251])
(3,[0,1,2],[-2.9021535877924713,1.523257585610356,-6.747290618432102])
(3,[0,1,2],[6.352207895289033,4.317631714110579,13.542381353459596])
(3,[0,1,2],[-11.338576320492594,-1.3617551930886282,-9.081964809320034])
(3,[0,1,2],[-4.695602691583637,-1.7318521323826102,-1.0895118076924213])
(3,[0,1,2],[19.21905194165515,13.961080027125504,25.851546633903407])
(3,[0,1,2],[-13.459916045252417,-5.582391779344747,-17.191782821730044])
(3,[0,1,2],[-1.2898805302115122,-1.5739458618074575,6.518666720310488])
(3,[0,1,2],[-12.369572948982777,-9.053429329554794,-8.468194281940065])
(3,[0,1,2],[-7.74415581544609,-2.489932125542163,-13.336967160486708])
(3,[0,1,2],[6.594464321614262,6.635080938383472,4.87250209957218])
(3,[0,1,2],[-5.1823761100300265,0.3623956032357162,-0.23651806879217063])
(3,[0,1,2],[15.742134047850469,12.906276770892575,20.597393133995453])
(3,[0,1,2],[1.2903123876848068,3.5566610870299935,3.771730130006313])
(3,[0,1,2],[5.220967494854439,8.222595933097729,10.479042693017691])
(3,[0,1,2],[0.17896687852922663,3.027139137763715,5.798244745952225])
(3,[0,1,2],[5.3670234747164836,13.284885659920697,11.613155634301556])
(3,[0,1,2],[-12.969696906953544,-8.868922924862852,-7.419328081283103])
(3,[0,1,2],[-15.570889809530227,-7.031430159295631,-20.203640083302606])
(3,[0,1,2],[-0.37955700966600536,3.2269818447912875,4.913378565637302])
(3,[0,1,2],[2.886440493361444,9.05670520973428,10.605547054055174])
(3,[0,1,2],[-14.159865766944803,-9.304396222622692,-18.064828816635803])
(3,[0,1,2],[-4.729296748498879,-3.9252182041614483,-3.4187129866149126])
(3,[0,1,2],[-8.963489524508416,-8.292215043651032,-15.937478093929055])
(3,[0,1,2],[-6.662823040997064,-1.6312814835510998,-14.03643740373829])
(3,[0,1,2],[9.159287399473042,13.760521758899278,16.843106618680512])
(3,[0,1,2],[-7.631650905915104,-5.479676592545603,-2.8887314634300765])
(3,[0,1,2],[-3.5708340626612487,-2.2702244886957277,-8.010916295471581])
(3,[0,1,2],[-13.47654514365636,-10.508115552474425,-7.455403193456385])
(3,[0,1,2],[-3.1759716322284706,3.8508542469819376,-8.288565075054564])
(3,[0,1,2],[-6.7334885718573165,-2.7702387648236524,-3.5815135512950027])
(3,[0,1,2],[-17.275651413450383,-8.026806131072533,-16.921805684929037])
(3,[0,1,2],[-16.490828835395742,-14.364962662618161,-9.32302223195766])
(3,[0,1,2],[-16.17061467556694,-7.5125076033305875,-18.42392485404211])
(3,[0,1,2],[10.641538855581377,11.219641668409887,5.67005812246755])
(3,[0,1,2],[-10.456547706136428,-1.723202453859319,-17.100641848135467])
(3,[0,1,2],[-13.91613608750151,-4.135230925329308,-11.744445321661013])
(3,[0,1,2],[-13.653258297777121,-11.074635006510087,-22.074537221613063])
(3,[0,1,2],[22.594379364797195,17.429842946349236,28.02303667777451])
(3,[0,1,2],[-16.913716673536193,-6.351816287509512,-21.73714160232872])
(3,[0,1,2],[-11.013192012542781,-7.4096198469632615,-3.7507938628477415])
(3,[0,1,2],[-5.27903563290454,2.0786227517575147,1.3946396711530271])
(3,[0,1,2],[-12.627860722203362,-11.392672150915669,-18.048735840932302])
(3,[0,1,2],[1.4348132399152957,3.925095241471236,-2.9596366919253363])
(3,[0,1,2],[-7.743890000877465,-6.349332453759095,-5.988440154835181])
(3,[0,1,2],[21.219464378459804,14.500138199631966,28.40593567542414])
(3,[0,1,2],[-6.344333125112019,-5.5353136371344185,-15.236453807169381])
(3,[0,1,2],[-1.3372855599060993,0.45902330703175886,-2.639598338776529])
(3,[0,1,2],[-3.5044135121794175,2.305771132060203,3.068594207522921])
(3,[0,1,2],[-11.69822174499408,-5.130133714069719,-10.595261656121732])
(3,[0,1,2],[-10.902781974181028,-6.685501340740299,-7.997977267482128])
(3,[0,1,2],[-17.410752493190873,-8.89134782987433,-23.616774402852162])
(3,[0,1,2],[11.058952555197699,7.9224032773882245,8.7696305102946])
(3,[0,1,2],[12.698048161463173,15.910141406478775,10.83969821167819])
(3,[0,1,2],[25.22895181832729,18.657448927769735,35.836792199726915])
(3,[0,1,2],[-23.09613225373282,-7.506840778813947,-23.69855125945131])
(3,[0,1,2],[-16.595167775766054,-9.482138460432068,-13.78602080385481])
(3,[0,1,2],[-6.977506642837465,-4.899580747139949,-3.2489079438517017])
(3,[0,1,2],[-5.329533708342285,-3.5725944723530203,-4.700396108847195])
(3,[0,1,2],[-7.150346656573321,-0.9360246086469256,-18.14563587393382])
(3,[0,1,2],[-14.283022595948955,-10.417758569263388,-9.329571427761769])
(3,[0,1,2],[10.85310704179071,10.572319979791953,15.50673901458952])
(3,[0,1,2],[-16.783694531239348,-6.69065017810237,-21.30930673007348])
(3,[0,1,2],[-14.378805799034996,-10.207151155451623,-10.598462790809487])
(3,[0,1,2],[0.3984988317906593,-4.4797921024852405,-6.6350905648907315])
(3,[0,1,2],[-9.181387484166269,-5.178847769592535,-15.559662649076072])
(3,[0,1,2],[-9.512139527192147,-5.95868871834355,-5.226752934531737])
(3,[0,1,2],[-14.804714159300492,-7.693253211839579,-17.10767271480473])
(3,[0,1,2],[-7.092874899419627,0.21903088691766484,-8.205526388500616])
(3,[0,1,2],[-7.26615522047064,-6.232011328906321,-3.307858732091699])
(3,[0,1,2],[4.161075597535234,1.355722860267822,-0.3612146820653348])
(3,[0,1,2],[-9.242693667105694,-4.192693637400132,-10.939280381896914])
(3,[0,1,2],[9.925961567965949,7.58299025638225,14.441159609145377])
(3,[0,1,2],[-5.061850050876019,-2.8065851336117884,-7.001586327927304])
(3,[0,1,2],[-2.8337884559723547,2.14820935125791,0.09193903725474128])
(3,[0,1,2],[10.506378815729413,10.303735068813397,7.082568052092208])
(3,[0,1,2],[4.298903612544984,10.06885928055084,13.325332436767056])
(3,[0,1,2],[-4.05666629657051,-2.3115770871091668,-8.136456244542305])
(3,[0,1,2],[-3.094985621014033,-6.170297522601126,-6.656828985832207])
(3,[0,1,2],[4.02042055351526,4.608018425002221,0.1142365170451074])
(3,[0,1,2],[6.76315385854475,10.872601676802663,12.994070567343018])
(3,[0,1,2],[34.26145192613649,25.6905772644393,45.344977617971935])
(3,[0,1,2],[-13.096472557674367,-2.593498107686481,-18.605005964899917])
(3,[0,1,2],[-15.809872787478577,-11.414274836987175,-11.044170712944753])
(3,[0,1,2],[-4.448664198049663,0.3070499148736022,0.956680161168052])
(3,[0,1,2],[-11.030242699696707,-9.345364723372544,-18.304557985179397])
(3,[0,1,2],[16.626728997401433,17.734781638508437,30.859318015286377])
(3,[0,1,2],[-18.28292207345513,-10.008557637891336,-24.371480205802968])
(3,[0,1,2],[-2.5229342496347598,-5.673091348470465,-1.7506259505832686])
(3,[0,1,2],[6.348017155110644,5.068682273112289,9.036352331996643])
(3,[0,1,2],[0.012469285314591474,2.3745054375264654,2.0745278610023625])
(3,[0,1,2],[-18.29585932577532,-12.286495360662398,-9.80599559144061])
(3,[0,1,2],[3.110998738024912,7.2383473131956295,0.4075993913349951])
(3,[0,1,2],[-19.616048557977024,-16.709231515918944,-12.798813887164671])
(3,[0,1,2],[2.4912809284515904,9.116684351937646,13.795190425150366])
(3,[0,1,2],[-7.514266322898398,-4.516144808427057,-15.234018620243873])
(3,[0,1,2],[-4.48386655538215,-4.064576898278622,-1.1570758923745776])
(3,[0,1,2],[2.7515010743003896,8.898835143309375,9.098561597198138])
(3,[0,1,2],[-6.053315146009577,-8.162845144661622,-16.02959038851412])
(3,[0,1,2],[-5.079195063203287,-2.475830571051229,-1.9484434137633861])
(3,[0,1,2],[6.031549553893933,6.053499170208365,16.645256182485294])
(3,[0,1,2],[11.03992783871149,10.160969712361196,15.765011761250957])
(3,[0,1,2],[-1.4821056233785856,6.959691265464797,5.113816861018341])
(3,[0,1,2],[-2.4775755036411558,-1.0393240464249849,-6.267859414429937])
(3,[0,1,2],[-2.3685843778826605,-5.6327501123682095,-0.02429254951972562])
(3,[0,1,2],[-13.831220429350838,-6.005291832780876,-18.695387223616763])
(3,[0,1,2],[-4.687700446331306,-3.445356459659416,1.7289096975645122])
(3,[0,1,2],[-14.365277799002707,-9.884275548253516,-11.834930880185892])
(3,[0,1,2],[-1.0432313429002364,4.521275660964516,2.661065094193744])
(3,[0,1,2],[13.365655091347767,16.485344291172463,24.798496138821886])
(3,[0,1,2],[-10.06569438543346,-5.615233993654406,-6.211453764274946])
(3,[0,1,2],[5.501102322982368,-1.541465947719498,5.0718452605848])
(3,[0,1,2],[14.811153475916171,15.09373613156514,14.93706736990936])
(3,[0,1,2],[2.503158654800603,-0.9675448252636074,15.263532231049831])
(3,[0,1,2],[14.043560631091374,12.20094518621157,21.172787623674047])
(3,[0,1,2],[-4.421880481125929,-1.3559869942387413,-3.320887135827274])
(3,[0,1,2],[1.2838637585290114,1.9840752205260181,12.853497304865751])
(3,[0,1,2],[-0.9001343286178465,6.366695081902567,-3.2442842980041613])
(3,[0,1,2],[5.646459614549165,6.435226694998268,10.548939686691881])
(3,[0,1,2],[3.067478532516904,0.6778356608132001,-0.738284913192919])
(3,[0,1,2],[6.428756295832547,8.904515425849528,9.977478384063575])
(3,[0,1,2],[-16.40818336258126,-12.089761612449038,-10.755130339584003])
(3,[0,1,2],[18.853428400084624,16.120553719530555,24.1814592549283])
(3,[0,1,2],[4.204328420131113,3.744373964917518,-0.2049131577953568])
(3,[0,1,2],[1.3424678050623657,2.1416569531061342,1.9410021594417501])
(3,[0,1,2],[-16.52033084413231,-16.269999034720467,-10.838361855288495])
(3,[0,1,2],[1.349116047322395,4.487580094187965,3.3131614091376136])
(3,[0,1,2],[-25.755087347271164,-16.601686783125995,-15.911810047353187])
(3,[0,1,2],[6.178525868513455,6.452807662672104,9.301614401126042])
(3,[0,1,2],[30.81780097191712,22.279059157755526,42.03428020229871])
(3,[0,1,2],[-11.804927411380133,-6.897597601049223,-7.625425512898803])
(3,[0,1,2],[-2.4499054483317977,-6.153635567661481,-13.135534636851881])
(3,[0,1,2],[-3.8727855223611147,-1.655386130186964,-4.14932503405948])
(3,[0,1,2],[12.816562486256618,11.219707165490394,17.826845971598186])
(3,[0,1,2],[-14.487459252811497,-6.879554978243089,-17.47466371128118])
(3,[0,1,2],[-3.779462577963133,-5.349971373516071,-0.592579903697779])
(3,[0,1,2],[-8.513255334075973,-2.6487614548871585,-7.105263925205575])
(3,[0,1,2],[-15.558524023444653,-9.972337321810889,-11.394046532371764])
(3,[0,1,2],[-4.844981400871333,-5.920176798381895,-4.115228594405431])
(3,[0,1,2],[4.499237475590682,4.411954176834456,6.511365006436973])
(3,[0,1,2],[-11.017952924334493,-4.994028486329073,-16.70493419733133])
(3,[0,1,2],[-11.958775238170604,-16.04121759005145,-5.285529741518629])
(3,[0,1,2],[24.18520622128417,17.228421770148152,31.3066737616767])
(3,[0,1,2],[-9.25431850030591,-3.9412059035932394,-9.817488710260339])
(3,[0,1,2],[-4.929186790309086,3.1887210617521053,1.0886758412743722])
(3,[0,1,2],[-6.887313053849243,-4.668294461100537,-5.072420331166215])
(3,[0,1,2],[-5.037569547751169,-2.6824759409723615,-1.9904374744421074])
(3,[0,1,2],[7.459255004390307,5.58303536625991,2.690715674768115])
(3,[0,1,2],[-23.334255793372098,-15.234968578720045,-16.576918418387844])
(3,[0,1,2],[-13.46466816873657,-11.126635396986488,-5.440028984183632])
(3,[0,1,2],[-10.669574122641146,-5.238819022527317,-9.430083404780339])
(3,[0,1,2],[-2.3368988306372818,-6.035550010983709,3.117827214196838])
(3,[0,1,2],[-10.552577101415755,-11.648333138666972,-17.76573957089923])
(3,[0,1,2],[-10.008294976329294,-5.260802178707497,-12.169715782165424])
(3,[0,1,2],[35.67979557830011,25.098421229798284,44.9458037421293])
(3,[0,1,2],[-0.5521388728442832,-6.1686806395255385,1.7995793031161909])
(3,[0,1,2],[-16.637315907562904,-20.062088254538438,-23.717912151384276])
(3,[0,1,2],[-4.1303498993828685,-0.2737653016079439,-7.674541468139324])
(3,[0,1,2],[-8.367181054993566,-8.815989376994898,-1.8963327018316587])
(3,[0,1,2],[-11.070118940302622,-5.065108473696803,-12.647227597823942])
(3,[0,1,2],[2.7491114406247292,3.875278595075451,7.433947933649197])
(3,[0,1,2],[-10.498533247912885,-5.508347439713266,-6.86763373452985])
(3,[0,1,2],[-1.0751069376178637,3.1174358793944696,3.957230534581994])
(3,[0,1,2],[-5.397011808876557,-2.423639128502264,-3.084590990649856])
(3,[0,1,2],[11.975448883375758,9.943935519965684,16.918427220159185])
(3,[0,1,2],[-13.263971738610632,-3.8028452292039656,-19.093917422534236])
(3,[0,1,2],[21.628314813439907,18.047132217903254,26.322784879506106])
(3,[0,1,2],[-15.458048071908419,-8.3709648523124,-15.965470993269214])
(3,[0,1,2],[38.64694039261963,25.14372473021445,51.75213420446433])
(3,[0,1,2],[5.884132595232628,4.7493751275451475,4.919491871005732])
(3,[0,1,2],[-4.668601391581918,-1.7243540482338708,-10.715564578580043])
(3,[0,1,2],[12.718502988409558,10.751604059830893,18.343564366466733])
(3,[0,1,2],[-0.9532808649650302,-2.9250355933518426,-5.763130732999875])
(3,[0,1,2],[-9.892043572256421,-4.473929840626666,-13.305891081859059])
(3,[0,1,2],[-4.437650537419744,-0.8578611987100138,-11.549763143285837])
(3,[0,1,2],[-15.149891574615824,-16.124282451843424,-27.69173157276323])
(3,[0,1,2],[3.9502658727939766,2.410530025154691,-0.4544415767204212])
(3,[0,1,2],[-1.2230299893139451,7.861356330976065,-2.22450191651013])
(3,[0,1,2],[1.6766813037865171,-1.7873578724911274,1.4909559486542536])
(3,[0,1,2],[-1.0598598983454435,-0.45666787582405943,0.2808317129447431])
(3,[0,1,2],[-7.946637391966362,-4.992115466873013,-5.257175034065368])
(3,[0,1,2],[-26.153175343218642,-14.815366464799327,-21.22759039128924])
(3,[0,1,2],[-2.2336679198922544,4.240330263491066,-5.217130572558283])
(3,[0,1,2],[-1.7163286096667267,5.636035408881066,-1.6474346286320714])
(3,[0,1,2],[-6.335857847175743,4.124291704742848,-8.626820413927758])
(3,[0,1,2],[-7.601422800333332,-3.0381826089586546,-13.946338713415484])
(3,[0,1,2],[-10.833111584657106,-9.491437183157974,-7.224463912734223])
(3,[0,1,2],[-3.2630056719725533,5.024392309707733,0.5010375517663712])
(3,[0,1,2],[-0.7131914338438341,-3.952011475471958,-8.343895909947594])
(3,[0,1,2],[-12.483201040135778,-2.776447033305365,-20.463728185813746])
(3,[0,1,2],[3.8265874549533017,2.1798327023696706,-0.9438725535729042])
(3,[0,1,2],[-18.601492898096392,-8.369295992902325,-24.387859478768647])
(3,[0,1,2],[-2.951029007367043,-6.941364203867152,-8.686300778371988])
(3,[0,1,2],[-3.227668329450812,2.647867066239748,-2.711461208617698])
(3,[0,1,2],[3.318988254882357,8.309420993717868,2.4911103877901084])
(3,[0,1,2],[-10.125405691075558,-10.128159989559105,-7.847484924310205])
(3,[0,1,2],[23.08940604892494,16.260496225458294,31.089866224231645])
(3,[0,1,2],[-14.01709751378453,-10.322418199202131,-8.72862855684821])
(3,[0,1,2],[-2.6698544671585154,0.045949633620601504,1.710518216418689])
(3,[0,1,2],[-19.831486885763002,-8.473877403149846,-21.39488038220743])
(3,[0,1,2],[-8.671071315941969,-3.320905957126362,-14.4755226834013])
(3,[0,1,2],[-10.156827906425942,-3.1045905168605845,-14.510437812140042])
(3,[0,1,2],[-10.519291891802425,-4.395021562444759,-11.014506796519466])
(3,[0,1,2],[25.467227329929006,20.45236000519157,34.23205658867826])
(3,[0,1,2],[-8.715113413352375,-2.8050180526205404,-4.192208553704368])
(3,[0,1,2],[-14.86213123029883,-16.788651484237185,-21.751962843808375])
(3,[0,1,2],[-5.788970672118604,-6.260295749571473,-1.5340531015087802])
(3,[0,1,2],[17.338957422375522,19.99384893620551,27.97200579184456])
(3,[0,1,2],[-13.18532885471912,-5.988379556126539,-17.996883452913124])
(3,[0,1,2],[-8.01649540161716,-5.469180976924052,-4.314732791151807])
(3,[0,1,2],[-3.210645883364257,0.7876811906394894,-8.508863801819158])
(3,[0,1,2],[-17.241338655562707,-8.78352674871192,-15.587430425975404])
(3,[0,1,2],[-14.562615964026635,-8.025327621839322,-15.985445290503279])
(3,[0,1,2],[-0.3960988229881723,8.013824647573633,9.745584556713446])
(3,[0,1,2],[3.6298753616931543,5.57326562068589,7.3314471807817565])
(3,[0,1,2],[-1.1895997242960912,-3.239398687461885,-0.574264332379619])
(3,[0,1,2],[-10.754473829162743,-12.229915416482843,-5.477703053322567])
(3,[0,1,2],[9.73659193483114,9.779055076148783,13.947127040626029])
(3,[0,1,2],[11.922164109789458,11.30337537221664,14.770531551624748])
(3,[0,1,2],[8.410031081641751,7.025692953765072,6.225508297083669])
(3,[0,1,2],[-4.328065072628232,-2.7774221993382975,-9.08083015169692])
(3,[0,1,2],[3.7998124954173322,4.321821950851424,7.133320625495323])
(3,[0,1,2],[2.805648811820585,4.781228879518887,5.739498654950792])
(3,[0,1,2],[4.917791625761455,5.278436200138453,9.941184407135395])
(3,[0,1,2],[0.3550483835888846,-1.9164644929348718,-3.9539695582497245])
(3,[0,1,2],[-21.134373233503418,-8.787705236267602,-26.683930131306287])
(3,[0,1,2],[-2.792985803915584,-8.97384128979471,-11.576862239274494])
(3,[0,1,2],[-5.514387748933875,-3.1292587272569117,-10.896015522241882])
(3,[0,1,2],[-1.0327777100041378,-0.7694213696966666,0.2525226725517996])
(3,[0,1,2],[15.349993693713403,10.76389440278599,20.09045827785718])
(3,[0,1,2],[13.327357610379162,9.290049541226578,18.80465031235193])
(3,[0,1,2],[-10.158884211971774,-7.045078041681402,-8.184456593973897])
(3,[0,1,2],[0.3748506625279532,5.861002763488406,3.7138940609388964])
(3,[0,1,2],[-20.7843203965924,-12.212386477661887,-25.679023759088157])
(3,[0,1,2],[5.437566629052265,9.907965431999624,5.7292888664119115])
(3,[0,1,2],[3.7132160525044084,0.7324603407074246,-2.7408008898035514])
(3,[0,1,2],[5.681871770723033,8.952091321817772,15.524008775838647])
(3,[0,1,2],[-0.8462373143945515,1.5023478492322895,2.921824836074872])
(3,[0,1,2],[-6.53690817822249,-3.638661205499391,-0.8966589389926107])
(3,[0,1,2],[-11.922817917871248,-4.480641422031983,-15.589056406354523])
(3,[0,1,2],[-5.3319808705856655,0.20451485534094996,-9.214470106375382])
(3,[0,1,2],[-21.049128069964627,-17.6250269764142,-18.71412884828409])
(3,[0,1,2],[-13.50143779231423,-15.452877740987923,-6.084145236774593])
(3,[0,1,2],[-17.55718985432132,-8.191591291517724,-13.956018892551459])
(3,[0,1,2],[-9.850075216240114,-8.576547581431523,-2.8208336356705823])
(3,[0,1,2],[10.044562282218601,8.409290387981336,12.104865941814753])
(3,[0,1,2],[9.634258833133414,3.240485920388834,6.0056982400977414])
(3,[0,1,2],[-4.690436507317235,-4.847541174494177,1.2552073829682733])
(3,[0,1,2],[4.51211910246046,13.129504809133904,12.299804622427775])
(3,[0,1,2],[9.337060336370296,6.678864286663693,20.949432721426632])
(3,[0,1,2],[-10.095116905538067,-8.174033950080231,-7.260921037748727])
(3,[0,1,2],[-10.117931879234717,-7.1862110373325265,-13.32099990854926])
(3,[0,1,2],[-3.2240223912001054,-1.2464074319076486,-3.2954332909740973])
(3,[0,1,2],[6.012088008581633,16.30030451644461,13.841523359507072])
(3,[0,1,2],[-13.995135464779795,-7.100854946201726,-14.905841497749638])
(3,[0,1,2],[0.9941811398987442,-0.19037399747589517,-2.4391011243421508])
(3,[0,1,2],[-0.7560533291315268,1.673802621955814,6.207099612665143])
(3,[0,1,2],[18.493538766233588,13.843954953840846,25.040957474210508])
(3,[0,1,2],[8.593444514955811,7.808379107806113,12.446003820049002])
(3,[0,1,2],[1.9232314225025113,1.4733159638835116,1.105622377282735])
(3,[0,1,2],[-4.6741587365374,-2.9796687851886823,-4.944323150878408])
(3,[0,1,2],[-3.196629709187347,-5.01159578438934,-1.4945377459844607])
(3,[0,1,2],[-19.227818150808133,-5.7974883880839165,-24.70015642179051])
(3,[0,1,2],[9.90521562084884,6.18704840673259,9.20696902320299])
(3,[0,1,2],[-7.684097070904074,-3.819518163578802,-7.995818698192168])
(3,[0,1,2],[-1.5236989373836825,-3.152760499855355,-0.6654931953487073])
(3,[0,1,2],[-9.957083457394413,-9.857349890191525,-4.720527575048002])
(3,[0,1,2],[1.9748713338964672,2.0010813590174186,1.813625697210199])
(3,[0,1,2],[-4.601600490648292,-3.0911757238528574,3.582557092475916])
(3,[0,1,2],[14.727065746337273,11.500133775697437,20.167021225799814])
(3,[0,1,2],[-7.743627995188789,-3.0401810874162654,-5.433857710661667])
(3,[0,1,2],[6.342054441869039,12.29934301890222,15.117571221745358])
(3,[0,1,2],[3.69943618302044,12.012953907823311,12.341293337857751])
(3,[0,1,2],[11.769143571033696,9.462580980250895,23.086511615271284])
(3,[0,1,2],[24.29042825846182,16.139086223523332,36.79748763122754])
(3,[0,1,2],[5.187400524895004,7.9742824188443535,13.868983555518678])
(3,[0,1,2],[7.025819087458227,7.8455698487263925,9.508214407000825])
(3,[0,1,2],[-8.085913400548057,-5.31135950495325,-8.347904256878918])
(3,[0,1,2],[-14.702132824990887,-12.413599229496104,-22.679122838758808])
(3,[0,1,2],[-8.550287144719478,-3.5651623336480243,-11.001710107787131])
(3,[0,1,2],[15.46868728574304,13.125555949095311,20.733240609667316])
(3,[0,1,2],[-4.700300499627676,0.359866596646776,-5.1099650935709695])
(3,[0,1,2],[-13.81348795994584,-10.92278537009842,-8.904631469624755])
(3,[0,1,2],[-7.549411960686082,0.7623804907970709,-17.372845695383216])
(3,[0,1,2],[-17.3955902140227,-15.272239811393748,-27.738741560171462])
(3,[0,1,2],[3.7904913948941337,2.243173223637732,8.321028514502668])
(3,[0,1,2],[-6.575418466259931,-9.107703061240377,-3.302272530242024])
(3,[0,1,2],[4.246389397182421,0.86906273583991,-1.2984275699273486])
(3,[0,1,2],[9.585349563085732,6.597764409605002,13.968077005104506])
(3,[0,1,2],[-17.357000484012943,-10.022275924648731,-16.664784912981368])
(3,[0,1,2],[-9.860588578564835,-7.107131544730213,-9.382457644154284])
(3,[0,1,2],[0.7867072961878582,4.406172434224248,-2.0455157093056213])
(3,[0,1,2],[-16.950841448620473,-11.263708138420784,-14.454084093442185])
(3,[0,1,2],[4.570897828708598,4.729005264170944,9.977853577063915])
(3,[0,1,2],[-11.836468446096191,-5.346932712343248,-14.299880191203133])
(3,[0,1,2],[3.242464982919638,8.374633845866377,13.12779120272021])
(3,[0,1,2],[-5.347599356868749,-4.001689765517074,-12.195381112477088])
(3,[0,1,2],[-16.215207380621884,-8.449844907763715,-12.660320521862532])
(3,[0,1,2],[6.508892434785368,6.376451794017408,9.721469650376179])
(3,[0,1,2],[-2.5457662505380076,-10.513311085916257,-10.615106470086683])
(3,[0,1,2],[-9.557353002326224,-13.31698206760672,-3.9933517632607303])
(3,[0,1,2],[-3.6374011654221876,-5.427030665633227,-7.912515891628407])
(3,[0,1,2],[-9.744926110178785,-10.770914698007624,-2.587352490232224])
(3,[0,1,2],[-14.023581003943395,-13.809083878421417,-8.222269466102155])
(3,[0,1,2],[19.02976774413981,13.226710909711676,27.469818841038194])
(3,[0,1,2],[-6.452960381225663,0.7653182031814612,-3.9223985785439393])
(3,[0,1,2],[15.800572251413334,14.489114285824177,28.158848178776353])
(3,[0,1,2],[5.150479383133455,5.1001764794592335,7.1742430695626425])
(3,[0,1,2],[-4.673388616331103,5.652550769847187,-4.232840357838761])
(3,[0,1,2],[-8.878556802713833,-2.3209066934830296,-3.9798878300188694])
(3,[0,1,2],[-13.593234806547649,-4.765322643080221,-18.64736808394055])
(3,[0,1,2],[-7.528860083059922,-3.5978057961283767,-11.23811111995853])
(3,[0,1,2],[6.400925381524631,3.9371131239435027,2.3655774084322108])
(3,[0,1,2],[-1.7637856544977617,3.809919797034624,-2.246466594051364])
(3,[0,1,2],[3.8580365782372468,-7.1653930891541275,-4.684367343435662])
(3,[0,1,2],[-10.847719584222737,-5.194253790595547,-5.809042297219916])
(3,[0,1,2],[-11.772168445326047,-5.889951970031904,-9.621822146572876])
(3,[0,1,2],[2.4195551946463936,5.449031229818791,10.925622114209757])
(3,[0,1,2],[-21.81641785942469,-14.276824639554878,-28.208562058456227])
(3,[0,1,2],[-11.362791209021239,-8.901388106514824,-6.427220103042315])
(3,[0,1,2],[-0.13157645395038547,-1.0716945955749069,-1.0089369698905362])
(3,[0,1,2],[-15.24779096546482,-8.240420253092811,-9.809820289029245])
(3,[0,1,2],[14.729290216470625,11.34398861041912,21.252102889350336])
(3,[0,1,2],[-16.031630307623637,-8.679435878219039,-16.909866506715048])
(3,[0,1,2],[-8.945746658712888,-1.6887898815221236,-5.986451012269394])
(3,[0,1,2],[-17.16201693789799,-8.88726591234763,-17.144039993888686])
(3,[0,1,2],[2.1065342840537267,3.1104090290966093,3.0958414511124595])
(3,[0,1,2],[-6.716567309621016,2.2234522660095126,-3.5156940902478135])
(3,[0,1,2],[-4.5854540072085515,-2.2268830717913564,-0.9002889291151654])
(3,[0,1,2],[-25.93015724633135,-12.769415728981619,-25.248797782982493])
(3,[0,1,2],[-3.0607927147160976,-9.24418575966545,-12.368590964472407])
(3,[0,1,2],[-10.758940265724856,-13.585912900995332,-4.396629469837703])
(3,[0,1,2],[-0.5506941342704369,-0.008700860118764475,5.719770382665021])
(3,[0,1,2],[-14.01612216369854,-8.392738816313646,-13.064208366305555])
(3,[0,1,2],[-5.725906848771378,-1.1651463273667262,-3.6069467786172154])
(3,[0,1,2],[-17.404979735825876,-6.802910896933682,-22.819259151879923])
(3,[0,1,2],[-14.437882659644979,-6.977921423388408,-17.331278800087834])
(3,[0,1,2],[-10.009208852679894,-5.297427911971212,-13.606296642423418])
(3,[0,1,2],[23.379555612489412,15.764374550009979,33.311223901553724])
(3,[0,1,2],[-19.393538024753415,-10.136770279316222,-18.034538986584952])
(3,[0,1,2],[-0.2980574274332786,-0.4896392085526257,-7.61021574355641])
(3,[0,1,2],[13.348284030803915,11.001046477682765,15.964634346326672])
(3,[0,1,2],[-15.621207991402851,-13.72051141423084,-24.21361091916641])
(3,[0,1,2],[-9.713584410760738,-5.27742845627961,-9.637475815577778])
(3,[0,1,2],[-11.37913293612087,0.08733539825675102,-14.039421710100275])
(3,[0,1,2],[-10.524321109985463,-9.987862823684399,-8.013604885936719])
(3,[0,1,2],[11.047182295791545,9.481683740096779,16.436452231741335])
(3,[0,1,2],[-14.554235516002953,-4.485153049761057,-26.740914657313354])
(3,[0,1,2],[-7.133279778084112,-3.1915777809282546,-4.2198954275819744])
(3,[0,1,2],[-5.500235089431125,-0.8942263583045175,-7.447297859460403])
(3,[0,1,2],[-9.408184179569002,-6.690983853453941,-5.730669775826197])
(3,[0,1,2],[-14.108813445098159,-9.058060904481458,-9.192815804104514])
(3,[0,1,2],[11.16022805987799,11.14785333329008,10.615682221104976])
(3,[0,1,2],[-14.527137228557029,-7.282706416341494,-18.014260622275508])
(3,[0,1,2],[-12.262734160810801,-10.104088708070073,-19.338283514700638])
(3,[0,1,2],[-4.322692605914057,-1.38574629587755,-3.26928731345296])
(3,[0,1,2],[1.3905734327200538,-2.461517130035903,1.9958249364880318])
(3,[0,1,2],[-3.1387018777038955,2.207810697331789,1.8061011909871088])
(3,[0,1,2],[-9.190792041504919,-8.417669271803138,-3.896192080120269])
(3,[0,1,2],[-0.6089236314104448,2.8009374330622197,1.6279742341159058])
(3,[0,1,2],[-5.256523889131063,-2.7097232568158143,-1.3752452423236137])
(3,[0,1,2],[1.038605699849551,2.080687705352714,-2.2540384273408725])
(3,[0,1,2],[-3.7995255426087575,5.156058569729739,-0.2669626783534427])
(3,[0,1,2],[-3.764154548382767,-6.252344414801572,-11.616782847056193])
(3,[0,1,2],[-14.931934824053707,-14.65724614343536,-8.324101577298409])
(3,[0,1,2],[20.046505753038293,14.465028637570548,25.924331946093336])
(3,[0,1,2],[4.343857885858275,0.6268354194719421,5.234052686447491])
(3,[0,1,2],[-4.652299271941594,-4.423321461375975,-2.9332838312131133])
(3,[0,1,2],[-2.8232817241944117,3.1802190155102967,2.037084535475543])
(3,[0,1,2],[-5.124179022882545,-7.028697759258345,-1.90820659794799])
(3,[0,1,2],[5.389611883157771,9.784235850256549,2.313427998767421])
(3,[0,1,2],[-12.022276485330329,-3.0732404567360785,-18.88485997879113])
(3,[0,1,2],[-10.085698170823495,-1.9289894032597077,-12.428792396928614])
(3,[0,1,2],[2.0379049491305006,0.7701438369845734,4.9200186913385355])
(3,[0,1,2],[7.100487782238296,7.092589784818836,7.131292324164582])
(3,[0,1,2],[0.4792926750463116,1.1216621632208505,-4.187375256040278])
(3,[0,1,2],[-9.985463580156653,-10.927782604761836,-5.268095315873547])
(3,[0,1,2],[12.1761376666472,7.289917107991983,16.77439181089074])
(3,[0,1,2],[5.841536997334116,4.733316015636866,9.015338401077091])
(3,[0,1,2],[17.739030863575305,14.116105197754152,22.177509412090213])
(3,[0,1,2],[7.440092883850295,5.880789142465394,9.213726714393827])
(3,[0,1,2],[2.7254979546096636,3.971001173802634,-0.7404182981739345])
(3,[0,1,2],[-11.991757194590045,-6.817058362308556,-9.59854143131858])
(3,[0,1,2],[-0.06552886078824864,-0.025136552585215743,2.4376514287604207])
(3,[0,1,2],[15.913568277273821,11.319034274410743,24.08980886853682])
(3,[0,1,2],[-10.526965090277942,-2.1186789276150746,-7.662225220163006])
(3,[0,1,2],[1.1773200483239141,3.0877425867546697,5.239992303908743])
(3,[0,1,2],[6.076612680101114,11.76481589444951,9.585156715401782])
(3,[0,1,2],[5.592010094272957,6.665506970627693,8.254384147655792])
(3,[0,1,2],[-3.7256305946635706,-2.6124155104466102,-3.2131219883057573])
(3,[0,1,2],[-14.140869282330153,-11.443559827064378,-18.498644882554583])
(3,[0,1,2],[-3.2957433221659302,3.11043006379836,1.21825155041138])
(3,[0,1,2],[-7.327751953802016,-3.0687210861623306,-12.61384427134033])
(3,[0,1,2],[-10.813110124688018,-9.729985798188407,-5.922492077023613])
(3,[0,1,2],[17.682534921211857,23.342926090417368,29.124237835555213])
(3,[0,1,2],[10.576683490054263,11.193583530743533,19.18340448834597])
(3,[0,1,2],[-10.562155565099184,-5.7002082159724035,-15.172516611655892])
(3,[0,1,2],[-4.587231322724176,-1.3139010508252957,-2.746162309959445])
(3,[0,1,2],[-16.967542225445886,-10.643612291630316,-16.70523047234652])
(3,[0,1,2],[-6.746950732227927,2.2555255797977383,-1.7692529857130967])
(3,[0,1,2],[8.336445319955791,8.74692305350314,11.996256647723577])
(3,[0,1,2],[-8.171257160710226,-0.1656448042020227,-11.136387458006965])
(3,[0,1,2],[-3.230098431522601,5.793563825311066,-3.961171146480621])
(3,[0,1,2],[-13.847127903970552,-4.1668359650218365,-17.55163061551305])
(3,[0,1,2],[-6.607452783491942,-4.337911318070938,-6.1223425619982725])
(3,[0,1,2],[-0.9287516567452799,3.426451947865748,-1.221113245342389])
(3,[0,1,2],[15.691803559004832,13.117934471590159,20.721344752079332])
(3,[0,1,2],[-10.966550488102504,-7.412241681477877,-8.482627783659927])
(3,[0,1,2],[-13.538642578422005,-4.194921800935986,-8.900171461167732])
(3,[0,1,2],[2.570308482342267,0.4368717109517407,-2.7885521996764506])
(3,[0,1,2],[-6.39707831511641,-6.938323252819258,-12.840825175791906])
(3,[0,1,2],[-5.120021722813695,-1.6896039879203604,-2.909187257728153])
(3,[0,1,2],[-7.320590381444056,-3.785070884028424,-10.9801235496719])
(3,[0,1,2],[6.889737684208226,9.162116809232,9.639328646362])
(3,[0,1,2],[-3.4389030147589836,-3.8188376358766165,-7.358049655877651])
(3,[0,1,2],[-2.6848929261516314,-2.341680476249694,-1.1293337413051505])
(3,[0,1,2],[-7.135519267043073,-9.298330339191073,-2.613698665740309])
(3,[0,1,2],[-3.972433701769949,-1.9643985930848826,-0.09543746885576176])
(3,[0,1,2],[-13.157375681443312,-10.484331567715358,-7.3522026869428485])
(3,[0,1,2],[11.006715672318876,8.204955427822885,15.826808762539248])
(3,[0,1,2],[6.811507338320238,6.014547893512832,3.9076810210704305])
(3,[0,1,2],[8.943410788648247,8.062253717185376,13.585213302991448])
(3,[0,1,2],[20.700821595108835,14.4487775787514,26.513322539639987])
(3,[0,1,2],[-12.033637184925274,-4.464678092144892,-16.6994242085702])
(3,[0,1,2],[15.606766517748103,11.80656986306753,22.390031709843278])
(3,[0,1,2],[-0.03511514572433297,0.02856082405450281,-4.236664488683657])
(3,[0,1,2],[-6.612825150086977,-3.881624175589095,-5.921976958154012])
(3,[0,1,2],[4.180710358767564,6.8832101780906445,6.845536627278754])
(3,[0,1,2],[-13.025413358695438,-12.872969986423547,-4.95645401690793])
(3,[0,1,2],[-8.687807813999102,-4.478234134642835,-3.9649211348139])
(3,[0,1,2],[0.2579238899751027,2.2649637918049743,0.3165871304991459])
(3,[0,1,2],[-2.27861884339296,-0.8893924496318718,-1.7277984541378597])
(3,[0,1,2],[4.642863399674926,11.006808440390465,1.5353856582998984])
(3,[0,1,2],[-4.010517074529343,-0.6123519779525167,-2.385584773831024])
(3,[0,1,2],[-11.67541981271606,-5.531362940264655,-10.020125295723734])
(3,[0,1,2],[-3.5941080053123247,1.327026438212654,-3.8525273634681927])
(3,[0,1,2],[-11.245371573052703,-11.675489513707898,-5.928595273248121])
(3,[0,1,2],[-5.166535281290389,-4.3184446811498,-9.750155848100173])
(3,[0,1,2],[4.713599789999333,1.0632245368412256,17.766318639483256])
(3,[0,1,2],[-10.502982617591627,-7.185164529471178,-10.388078480678987])
(3,[0,1,2],[10.807677713997737,11.201256405975592,22.77926644214768])
(3,[0,1,2],[-9.287716829347625,-6.134976786911041,-9.464786609906726])
(3,[0,1,2],[-2.49744729873611,1.1177933735314953,5.749797991609779])
(3,[0,1,2],[8.308356959626947,7.460936259149005,12.251703809145429])
(3,[0,1,2],[-4.7973166832281695,-7.253522715762186,-0.6066174307854239])
(3,[0,1,2],[-1.219100093752544,5.930037455294612,2.934278106945132])
(3,[0,1,2],[-8.368751039701264,-3.0228504479170777,-17.457520682621663])
(3,[0,1,2],[-5.182744952180341,0.1549553945621217,-3.969675874344535])
(3,[0,1,2],[-1.2067418304332995,-9.224274614972067,-7.389318852438651])
(3,[0,1,2],[-9.60494813023919,-0.7809865269164011,-12.459509727208165])
(3,[0,1,2],[12.346037117363375,10.975362117512615,18.06298937027544])
(3,[0,1,2],[-10.484094790067363,-4.960643326723345,-19.712220547954125])
(3,[0,1,2],[-7.347290176866256,-9.4288814635618,-2.1482643723199164])
(3,[0,1,2],[0.8174622179526457,1.265945790298182,-2.1865402732206713])
(3,[0,1,2],[0.9259165638964063,1.8319042230781681,-0.6532080507723885])
(3,[0,1,2],[-11.368284668129554,-6.544531183281275,-7.349391386099047])
(3,[0,1,2],[-3.166333279422351,-1.2488185389501356,-0.7152460743213301])
(3,[0,1,2],[-9.330274440158243,-6.069410783773823,-10.316153924605098])
(3,[0,1,2],[16.75474606514051,14.151421343161001,22.41980563132128])
(3,[0,1,2],[-6.562651494561766,1.0725051820977023,-3.653807595999986])
(3,[0,1,2],[4.284388496873703,6.647625113981891,5.945326305115274])
(3,[0,1,2],[4.247939786058464,4.48000805665413,9.493406886397393])
(3,[0,1,2],[-13.877908744008005,-10.985776614863184,-8.031546293888805])
(3,[0,1,2],[-14.28942266640786,-2.370720760354368,-20.79284272029562])
(3,[0,1,2],[1.8194419729503033,2.7538809775025523,-0.2834867331831379])
(3,[0,1,2],[-9.57753981950837,-5.33832613584143,-4.46734101072935])
(3,[0,1,2],[22.950197864057372,16.782225272366933,29.639303219760578])
(3,[0,1,2],[10.379958926705424,10.080812158283923,17.594826369601243])
(3,[0,1,2],[22.784276999729705,16.23298224190794,31.94305217431839])
(3,[0,1,2],[-7.821658555074446,-9.228973022596762,-3.9888563647369204])
(3,[0,1,2],[-23.337285610157938,-18.869273490797102,-15.264596812869422])
(3,[0,1,2],[-11.715796230662015,-11.724649338701441,-7.746392644368767])
(3,[0,1,2],[-14.637103286935204,-7.82572517672349,-14.496206856213538])
(3,[0,1,2],[2.2703749687774026,-6.194134392914815,-3.809400474477053])
(3,[0,1,2],[-0.9375810260135947,4.979556413605392,-3.8196257301834797])
(3,[0,1,2],[-14.677646892465958,-11.354296490540161,-7.269451786874251])
(3,[0,1,2],[4.160095542625752,4.145030999012566,6.795694384282662])
(3,[0,1,2],[-11.12499073738606,-3.859609116709663,-12.21262869414656])
(3,[0,1,2],[-9.989024357722448,-8.790748672696365,-6.265851591015495])
(3,[0,1,2],[2.214852625343106,10.132891663040304,9.150855222058812])
(3,[0,1,2],[-8.369194184659216,-6.303318135219481,-4.125926544573255])
(3,[0,1,2],[-7.343507898994636,-6.622332747095383,-7.547531036304656])
(3,[0,1,2],[8.344162587728992,15.897962039533294,15.039783760836308])
(3,[0,1,2],[-5.952809918702602,-4.0617988514777075,-4.6097549317233915])
(3,[0,1,2],[-7.428192057859675,-4.508571703941367,-4.924395129735523])
(3,[0,1,2],[-9.412709354997714,-2.5672463373916043,-13.322349478419888])
(3,[0,1,2],[-17.569127865154616,-6.6486255063708715,-25.17501665552851])
(3,[0,1,2],[-0.8382325758111584,8.366445439439131,6.202930113812406])
(3,[0,1,2],[10.370157776878786,9.333987323683974,17.342829767353077])
(3,[0,1,2],[-11.088698672156987,-7.120836316156339,-16.22427339026205])
(3,[0,1,2],[-15.368898492770864,-6.314612330331566,-9.315903122536836])
(3,[0,1,2],[-0.8426270751763532,1.5743153740225422,-0.4322700793744543])
(3,[0,1,2],[-12.765798834926628,-6.550303668772862,-8.431213204339517])
(3,[0,1,2],[-18.04295497982786,-7.830007113784484,-22.11101935477937])
(3,[0,1,2],[11.04950931970462,9.80004185973566,14.85700992249747])
(3,[0,1,2],[-12.756546879718018,-10.446462047864566,-19.000036396439])
(3,[0,1,2],[-9.300868978546264,-2.9636755054114055,-15.980561304214376])
(3,[0,1,2],[-8.27786883230468,-7.980461146117269,-3.1047778235530274])
(3,[0,1,2],[3.555377114351978,8.610404562013173,11.803566905392438])
(3,[0,1,2],[12.273647192108578,10.469418037905294,17.321730486660723])
(3,[0,1,2],[-16.599361871059852,-6.400318804178033,-24.718273876442897])
(3,[0,1,2],[1.342185482839073,0.41590947933708755,0.7134178753879128])
(3,[0,1,2],[-11.110573192249682,-7.30655541587063,-10.453374965179515])
(3,[0,1,2],[-8.667049634929974,-4.472729772710678,-10.791591693632231])
(3,[0,1,2],[-12.074363986563164,-4.672044597206823,-16.148756735713068])
(3,[0,1,2],[1.0603539670756401,2.8900099790887515,7.935315835154894])
(3,[0,1,2],[-12.344212146545017,-4.3079605404433865,-18.920050044967276])
(3,[0,1,2],[-9.834980186541422,-6.514768752266889,-7.157280589655474])
(3,[0,1,2],[-1.6400805129885103,-4.136019641118457,0.9872561130738116])
(3,[0,1,2],[12.182839675982652,9.202667325054326,11.067458600595607])
(3,[0,1,2],[-5.029925372985839,-2.327882054429931,-10.070074869647465])
(3,[0,1,2],[-10.465628383445877,-5.973211556311624,-7.3599611122444095])
(3,[0,1,2],[-18.22951392369493,-7.986317857218485,-19.664430833209526])
(3,[0,1,2],[3.574113209719975,0.46825736407102214,3.686998659379941])
(3,[0,1,2],[-13.832530356707563,-11.497368487831325,-8.648496435151865])
(3,[0,1,2],[30.45966126409317,23.320650481904146,41.97184215225502])
(3,[0,1,2],[-10.941853407374381,-12.811712814708866,-5.170208727708831])
(3,[0,1,2],[-12.614061608627237,-5.965756189370148,-16.108873427480624])
(3,[0,1,2],[0.8456694967607206,7.40831025681748,7.891325534990751])
(3,[0,1,2],[1.2986717231869254,0.8382013496048901,8.988624596569139])
(3,[0,1,2],[-6.297318975834788,-5.508068993561808,-8.703361523993781])
(3,[0,1,2],[-10.517822856713016,-2.8578741248833466,-18.034777031749062])
(3,[0,1,2],[-4.695082733763137,1.9417235465541325,-1.3285663383891855])
(3,[0,1,2],[-8.337540979839885,-4.522582749626891,-8.698517449902255])
(3,[0,1,2],[-4.526801326542427,-1.6753781406758523,-9.203272778338306])
(3,[0,1,2],[7.861630394938593,7.63988033961793,17.85915063842802])
(3,[0,1,2],[5.157800428210735,1.563450015022937,1.7137769739534334])
(3,[0,1,2],[8.76924161717803,9.042723232282714,12.76688639094521])
(3,[0,1,2],[-11.73577651447021,-5.004155781345865,-15.708578092853646])
(3,[0,1,2],[-10.199303129329868,-7.130636944871096,-18.45322136998642])
(3,[0,1,2],[3.27439496535017,3.1668724605217227,4.267531135651342])
(3,[0,1,2],[1.5957604978683189,-1.521511525512758,9.369563169626609])
(3,[0,1,2],[-12.602620129877629,-4.28395453771418,-18.03086304024811])
(3,[0,1,2],[-8.918193934257804,-4.989349131248012,-11.255385201978989])
(3,[0,1,2],[5.236661843645055,6.43810104134612,7.758977899399648])
(3,[0,1,2],[0.5969842318519015,-1.0583854252991733,-0.2422490191296649])
(3,[0,1,2],[20.114910523521033,15.758458675835803,29.31431283936425])
(3,[0,1,2],[5.320398434201964,5.600179004383915,13.172598130203404])
(3,[0,1,2],[-12.626685323870335,-4.8347623162505515,-12.177956641625265])
(3,[0,1,2],[-4.853232914175501,-5.589897277331364,-1.646308704165052])
(3,[0,1,2],[3.626091326144827,0.5734393114426555,6.206506224568082])
(3,[0,1,2],[-11.828074762327313,-14.513896855145429,-21.971894667033986])
(3,[0,1,2],[-9.1785419549763,-5.14723255616711,-9.128244561542465])
(3,[0,1,2],[-12.888211301666248,-11.141457737021545,-9.548153018108911])
(3,[0,1,2],[1.371879071099145,7.624505726544082,1.991607615903737])
(3,[0,1,2],[21.8597470716695,15.32146476504226,27.186599593547022])
(3,[0,1,2],[6.293145399097574,8.486247483036683,13.719938872458824])
(3,[0,1,2],[4.213357459947818,3.0331577372676244,2.03479174358333])
(3,[0,1,2],[-6.7763562187455975,-4.599609959346424,-10.890393544953428])
(3,[0,1,2],[1.7171915141316396,2.6844003199017505,6.566161969807717])
(3,[0,1,2],[-4.621431203320025,-3.463792393468956,-1.3345148955081843])
(3,[0,1,2],[-2.163554928351646,5.344905374353131,4.375537632859946])
(3,[0,1,2],[6.433806608138472,6.6055352528382,9.238255505241108])
(3,[0,1,2],[20.158800859139323,15.768278043857801,28.736539543108698])
(3,[0,1,2],[-9.44446787487884,-9.923630163181823,-6.676540482660619])
(3,[0,1,2],[-2.9934538108842843,2.978003393295947,5.726646840945564])
(3,[0,1,2],[-4.0496356115314125,1.4166032003132645,-11.18364472113874])
(3,[0,1,2],[-11.439049739730253,-3.4534420639823513,-16.975667521668385])
(3,[0,1,2],[-4.078971679169758,-5.510934317742988,-10.004826649740256])
(3,[0,1,2],[-9.649245228600858,-5.622647631372031,-10.905040833362614])
(3,[0,1,2],[3.1920629522927646,-2.5039727854619387,-2.1557834951999055])
(3,[0,1,2],[-17.268527251074282,-5.132317080064116,-17.469103114887364])
(3,[0,1,2],[-10.989335542035167,-5.291249753021911,-13.122380352902052])
(3,[0,1,2],[-15.338320575942822,-10.422627542458457,-11.023994942963007])
(3,[0,1,2],[-0.11345809888535408,2.3657975517530008,2.183908224966004])
(3,[0,1,2],[-8.33351130596718,-5.794739688648181,-8.818031455764245])
(3,[0,1,2],[-2.519088923422035,3.438051687567235,-6.393753792323787])
(3,[0,1,2],[5.217812074051611,5.0509495988950945,12.715114643008395])
(3,[0,1,2],[-17.001523135184442,-11.311921598080078,-9.393682552768578])
(3,[0,1,2],[-8.312963504932734,-1.1564721937103006,-2.8464959343131])
(3,[0,1,2],[-16.835217329128945,-8.96853158515369,-12.164466727491979])
(3,[0,1,2],[10.700163613879393,-0.14178258989767462,4.212495858086293])
(3,[0,1,2],[10.883177535671665,6.320427894532245,9.437589119268218])
(3,[0,1,2],[-8.19932891323531,-4.961784712723464,-8.945674371710865])
(3,[0,1,2],[4.799978226914814,12.288740224934893,13.722456993128109])
(3,[0,1,2],[-4.3795871289403205,-1.645414325193734,-8.841732394253807])
(3,[0,1,2],[-9.149918274474317,-11.952285311508964,-6.713188209983282])
(3,[0,1,2],[-0.5398063307799046,6.618546622948361,7.497436258578469])
(3,[0,1,2],[-2.281540056380344,0.7463356273260753,-2.2259255036578756])
(3,[0,1,2],[-5.634008357030538,-3.32660152916272,-0.8528916829850052])
(3,[0,1,2],[-8.106776536543277,-4.818360949785118,-8.960884564865479])
(3,[0,1,2],[8.028477188836337,6.192569451611435,10.802387402117828])
(3,[0,1,2],[-6.852021312950734,-8.225799012969158,-4.911400332834016])
(3,[0,1,2],[-3.860901074493973,-3.1439900804010663,4.942175839050789])
(3,[0,1,2],[-4.587715109193419,3.3370630585779453,-0.7055502073263282])
(3,[0,1,2],[-9.844329833711102,-7.275008948081016,-14.22453793233804])
(3,[0,1,2],[-10.282508363989308,-1.77838035712855,-16.319115260451436])
(3,[0,1,2],[-5.63103640318181,0.9907506529593316,0.2139168865857437])
(3,[0,1,2],[-0.36416422520248026,-0.5020080618940641,-3.8904416675183464])
(3,[0,1,2],[0.22562678322322502,1.8749346325732326,-0.8224400474976507])
(3,[0,1,2],[-9.544156339918157,-5.109053912878996,-11.907063425808664])
(3,[0,1,2],[-6.741146295232245,-8.539845543970635,-0.7459772668689737])
(3,[0,1,2],[-11.183045962293425,-10.0265586613026,-4.188002148006955])
(3,[0,1,2],[-9.359462116998579,-6.770599956595008,-8.375872611870584])
(3,[0,1,2],[12.107297628942257,9.796202624663312,15.414343084607289])
(3,[0,1,2],[0.6038139827240863,4.210862815616646,-0.7731169853947171])
(3,[0,1,2],[1.1507418865776866,4.107155337935449,1.8819744252502533])
(3,[0,1,2],[-0.5475064532915712,-1.0904465942411425,6.719622516126625])
(3,[0,1,2],[9.478626172662315,11.762666097027974,10.914131510982976])
(3,[0,1,2],[8.144274518700708,11.934768231519358,6.769787705043202])
(3,[0,1,2],[-10.01720290128903,-13.155554922459018,-19.075936426741624])
(3,[0,1,2],[-18.14394367679497,-9.123942131760836,-22.006889411410082])
(3,[0,1,2],[-7.3376161828219715,-3.8927392029022596,-5.702147186381381])
(3,[0,1,2],[-15.972054560434284,-9.750111113061536,-13.797673991072921])
(3,[0,1,2],[-2.1917538069022733,-2.349081446276772,-3.2199096638165234])
(3,[0,1,2],[28.01258616999234,20.399681365594013,38.93726003321818])
(3,[0,1,2],[-0.9277961491753256,6.1275096204602795,1.4104484475035828])
(3,[0,1,2],[-1.1399200263726543,0.14166607609102744,6.830502146202948])
(3,[0,1,2],[-2.275778568371295,-0.8790840934750946,-0.651158155541401])
(3,[0,1,2],[-13.234316230176493,-4.027269892486264,-15.338486829977807])
(3,[0,1,2],[-5.851628297187698,-6.793904519065795,-4.131459384100299])
(3,[0,1,2],[27.20212411170454,18.063647856639673,39.83038182527457])
(3,[0,1,2],[-8.230080847882995,-3.7146768975751394,-4.52175266048863])
(3,[0,1,2],[-16.986018458024915,-5.160355206102319,-27.19284676141826])
(3,[0,1,2],[-4.887064881683058,-2.52060021438739,-12.29869761310935])
(3,[0,1,2],[-10.088045958897437,-9.60670266064505,-8.45159780657709])
(3,[0,1,2],[6.879381470161286,9.234031498774089,11.188489107674606])
(3,[0,1,2],[-10.875681479435004,-3.978703636043391,-15.718534099598756])
(3,[0,1,2],[-2.733041984084361,3.773811468147411,2.6916120664344834])
(3,[0,1,2],[-12.069224115512013,-7.874684759166619,-19.368644115190197])
(3,[0,1,2],[-6.53829228614119,-5.183652241817306,-10.027812556621386])
(3,[0,1,2],[-7.490246589246656,-5.975800716467309,-3.801357124415711])
(3,[0,1,2],[-8.572386896579815,-6.448026456457995,-3.767626536815982])
(3,[0,1,2],[-2.869051871883633,-0.7487364046945139,-1.601793593492601])
(3,[0,1,2],[12.169459649389125,13.100601390879918,10.73474139598164])
(3,[0,1,2],[-14.718407915416869,-7.274610200891549,-11.322479019157367])
(3,[0,1,2],[5.344984706793136,5.297509859052228,3.4693338236162843])
(3,[0,1,2],[-10.194590416780567,-5.908768575387148,-5.831098680911634])
(3,[0,1,2],[-12.586972919840672,-5.778060531723291,-9.796574907121801])
(3,[0,1,2],[-10.851353123222125,-8.259397073938837,-8.220970567027239])
(3,[0,1,2],[8.956332893092258,10.294813908341254,20.16088502860179])
(3,[0,1,2],[9.391164584056073,8.776779084381191,13.053722569270152])
(3,[0,1,2],[8.84718622905695,3.495912690332623,4.606295285474208])
(3,[0,1,2],[-10.643601150635924,-7.6321457080498325,-4.519506129779667])
(3,[0,1,2],[15.70787385801281,14.07509330201992,21.37276760064198])
(3,[0,1,2],[-7.579828744802665,-7.305561024091593,0.43491527923287454])
(3,[0,1,2],[-8.809496339840122,-5.906137974963238,-13.651103587440772])
(3,[0,1,2],[-5.031560795479913,-2.533169655112443,-12.06757862550877])
(3,[0,1,2],[4.782578978993582,12.129733033661687,13.94228325389821])
(3,[0,1,2],[-5.080648828926821,-4.14278646575727,-9.82743964019239])
(3,[0,1,2],[12.627536149679761,11.462737865438411,16.98069439386099])
(3,[0,1,2],[12.00713248607392,7.805034262330574,8.976016545681603])
(3,[0,1,2],[-16.75643806176465,-7.820204566293438,-13.41060109785533])
(3,[0,1,2],[-22.04706981594862,-7.9286003229494915,-32.67838841919914])
(3,[0,1,2],[-6.949221124823022,-1.5256499840907236,-19.23665160716704])
(3,[0,1,2],[-7.634790984119466,-3.3657520124994464,-12.32858980273578])
(3,[0,1,2],[-0.7472192482490486,-3.616745042366329,-1.8032318497710795])
(3,[0,1,2],[-13.76865565906046,-1.643112480514065,-9.949382079636615])
(3,[0,1,2],[13.148435515267831,11.471451027745433,18.242619056236915])
(3,[0,1,2],[10.855497230608444,11.061385047078943,9.243808058569977])
(3,[0,1,2],[2.507690988052722,3.4480403403096944,2.3995526963683718])
(3,[0,1,2],[-6.367996886530792,0.9916212897447458,-1.3663503616535306])
(3,[0,1,2],[-2.538123801825866,-4.550793221170698,-1.9192160938624223])
(3,[0,1,2],[13.631585388745046,10.728607456063822,16.499573238548138])
(3,[0,1,2],[19.825567646296797,6.015620608326723,13.630621875009696])
(3,[0,1,2],[-9.883205816104997,-7.159553709733046,-7.955334983954024])
(3,[0,1,2],[0.4963264965175709,0.6928787615514969,9.495201186570982])
(3,[0,1,2],[0.15492388347812375,-2.068000703408709,2.3261696627907886])
(3,[0,1,2],[-10.459129826843494,-4.472203914395916,-13.052412076144014])
(3,[0,1,2],[-16.22345435729932,-7.704506727422848,-18.86029631263094])
(3,[0,1,2],[-12.213638044062838,-9.416370418085124,-19.739238422658183])
(3,[0,1,2],[0.046478921963768266,1.859272318806695,0.4606959568378568])
(3,[0,1,2],[-10.22127471030124,-2.388882877340291,-15.445243507192494])
(3,[0,1,2],[-9.80000404824934,-6.171121440439511,-4.9170477523880125])
(3,[0,1,2],[-6.243095111522269,1.5596145547908786,-8.36268795984538])
(3,[0,1,2],[19.207103639342215,14.149518311341566,26.67354511539578])
(3,[0,1,2],[26.187059618708528,20.292371617989044,35.754241939893745])
(3,[0,1,2],[-4.758417158248019,0.9572583951660061,0.9912778602720371])
(3,[0,1,2],[0.46388710514116194,-2.650424502680881,1.8846851537175273])
(3,[0,1,2],[12.512104513998084,11.469325515846926,18.531103137683647])
(3,[0,1,2],[-7.765414193819855,-5.746846693677827,-5.118578759851715])
(3,[0,1,2],[-6.100062157189676,-1.830512336661637,-3.4293981630538126])
(3,[0,1,2],[-5.148812449739333,3.2867041186784363,-1.9481209201672014])
(3,[0,1,2],[-9.999202387608964,-9.10583569850665,-7.210674586047007])
(3,[0,1,2],[-13.000630117280474,-14.065096337852163,-22.102382084999384])
(3,[0,1,2],[6.298519388874322,10.610767871931486,16.499750990219393])
(3,[0,1,2],[20.104501537358725,16.373763704239114,26.15671391568216])
(3,[0,1,2],[-2.1649552177283913,-3.3865637081342017,0.4083400363656334])
(3,[0,1,2],[-15.472281776105785,-4.465263437089103,-13.810592190722694])
(3,[0,1,2],[-4.433568809910327,2.605827382746381,-1.0465467954035201])
(3,[0,1,2],[-5.486172158630482,-0.7818134534617412,-11.12994128040179])
(3,[0,1,2],[-13.89339950207644,-8.218250506011758,-9.835423619168997])
(3,[0,1,2],[-9.435108970610507,-7.536676388574654,-0.6139473050561114])
(3,[0,1,2],[-7.146085333899436,-5.490793964593948,-4.595760470615821])
(3,[0,1,2],[-13.269935807338271,-9.012909118026117,-9.077184158015195])
(3,[0,1,2],[-14.953972732108753,-6.352794890187515,-16.936879934347356])
(3,[0,1,2],[-16.754232860501837,-9.989208974720162,-11.870193621338704])
(3,[0,1,2],[-5.034580157313154,-2.0594477023014917,3.2542370469309545])
(3,[0,1,2],[16.590932047157857,12.637131188418206,20.832458169069646])
(3,[0,1,2],[10.638340276396208,9.907819902984148,12.888115550069696])
(3,[0,1,2],[1.1918898836116865,-2.503836591610398,-8.635259680167827])
(3,[0,1,2],[-13.77834897638916,-7.5529762158772575,-9.45897234941685])
(3,[0,1,2],[4.245495656098054,4.985180870406635,6.104899066307336])
(3,[0,1,2],[10.292218256050733,12.068235479208946,20.84518257543515])
(3,[0,1,2],[-7.63669425082784,0.771260642472995,-3.218202775893129])
(3,[0,1,2],[-11.134491730538478,-5.480386715665969,-8.798310741905514])
(3,[0,1,2],[-6.376645821598318,-2.165853542308432,-14.497064214947088])
(3,[0,1,2],[5.896920999289956,6.929118833527548,5.9101342166243676])
(3,[0,1,2],[-16.922090976166697,-10.01696317312261,-12.064140727720051])
(3,[0,1,2],[-18.908792545022987,-10.183780554863775,-16.594015587994054])
(3,[0,1,2],[-10.801498676739484,-12.918164904006646,-5.494014000146369])
(3,[0,1,2],[-5.533568115237748,0.4978677340475166,-9.441498251534114])
(3,[0,1,2],[7.902145766676441,13.12543896495552,17.88369276923404])
(3,[0,1,2],[-3.8675496825745928,-2.051798408023738,-8.581946242067623])
(3,[0,1,2],[5.664031974277792,5.97747875036425,9.619708469295846])
(3,[0,1,2],[-9.484627425749583,-9.611897492459585,-5.306372886679475])
(3,[0,1,2],[12.272994851561808,9.218283451593702,14.289600266428213])
(3,[0,1,2],[-10.510505145132514,-5.670970774415206,-10.60331244054779])
(3,[0,1,2],[-7.148202564793883,-3.847377140001155,-10.483040766909728])
(3,[0,1,2],[-7.6128136113574705,-6.487047369501615,-4.941878852973267])
(3,[0,1,2],[-8.593412962244697,-3.5677728091404197,-0.6047644718402769])
(3,[0,1,2],[-9.99025075625886,-5.654474708780674,-11.822905226646325])
(3,[0,1,2],[-6.619059004152179,-8.790655608393438,-14.60726223451288])
(3,[0,1,2],[-11.516303211105447,-5.05684055191038,-20.228393017382352])
(3,[0,1,2],[-11.015260285865054,-8.962977578404141,-6.039002697039143])
(3,[0,1,2],[-12.300769582891096,-6.143861080342559,-12.71113769356206])
(3,[0,1,2],[-12.75975724796577,-10.091200654215152,-7.160128299422089])
(3,[0,1,2],[15.434829835036119,12.877285160331617,23.447035486383257])
(3,[0,1,2],[-3.9218730145878573,-1.089431374282062,-7.860323373946567])
(3,[0,1,2],[6.8214109016101645,5.528730144068666,18.323385407957474])
(3,[0,1,2],[3.5101185659902314,5.6275520626506585,9.894564564841492])
(3,[0,1,2],[10.242187986061772,12.779315827495074,9.387004896875546])
(3,[0,1,2],[-10.11912781029551,-5.05321092967254,-9.302724871735917])
(3,[0,1,2],[-0.14371609340637265,2.2223889578401597,-0.18925556463526472])
(3,[0,1,2],[-10.18925778430768,-2.9312581899278554,-19.28080338335523])
(3,[0,1,2],[2.6666195681805682,6.252974959831671,12.29219140126177])
(3,[0,1,2],[-7.498888504372306,-8.338512368104041,-15.64822192173068])
(3,[0,1,2],[4.125616726916548,1.954005153211791,-1.55326418238492])
(3,[0,1,2],[22.21639101296954,16.113013845885057,28.234553227245264])
(3,[0,1,2],[-10.034504407028363,-5.909004635072698,-14.280891208227594])
(3,[0,1,2],[-8.31192473252641,-2.6424910231622754,-13.929900071180075])
(3,[0,1,2],[26.980396899455343,19.513136238059303,33.93823713376091])
(3,[0,1,2],[2.0743879936563987,5.6355280209563325,-2.2800271657448583])
(3,[0,1,2],[-12.598298439825307,-4.54519526776316,-21.05028312986811])
(3,[0,1,2],[-18.028253512583824,-8.001761887860372,-19.995695329392095])
(3,[0,1,2],[-8.426185768000881,-6.73331654377508,-4.975566502595546])
(3,[0,1,2],[-2.0132942893410286,2.161431427068429,0.8300586699064725])
(3,[0,1,2],[-5.912679659365536,-6.972441316452391,-4.155001899984427])
(3,[0,1,2],[22.838600837762733,18.910966380818017,29.89771241830829])
(3,[0,1,2],[-2.1580538851426936,8.543279313239696,3.9462711204745347])
(3,[0,1,2],[2.432106711030778,4.420943076220112,3.073739541274671])
(3,[0,1,2],[-11.166754892430085,-5.519643231949952,-13.071198716458031])
